,City,Cloudiness,Country,Date,Humidity,Lat,Lng,Max Temp,Wind Speed
0,Norman Wells,75,CA,1562102226,72,65.28,-126.83,60.8,13.87
1,Vaini,100,IN,1562102227,85,15.34,74.49,78.02,6.11
2,Kapaa,20,US,1562102129,70,22.08,-159.32,84.2,11.41
3,Port Alfred,44,ZA,1562102229,46,-33.59,26.89,70.0,7.0
4,Chuy,100,UY,1562102153,74,-33.69,-53.46,53.18,16.58
5,Bluff,0,AU,1562102104,84,-23.58,149.07,57.5,5.01
6,Codrington,90,AU,1562102233,100,-28.95,153.24,54.0,2.95
7,Middelburg,0,NL,1562101937,77,51.5,3.61,63.0,9.17
8,Egvekinot,99,RU,1562102110,65,66.32,-179.17,54.08,6.89
9,Moron,82,HT,1562102236,82,18.56,-74.26,80.54,2.33
10,Champerico,20,MX,1562102237,52,16.38,-93.6,89.6,5.82
11,Pevek,90,RU,1562101927,96,69.7,170.27,36.08,12.03
12,Plettenberg Bay,94,ZA,1562102240,51,-34.05,23.37,62.36,5.3
13,Rikitea,100,PF,1562102127,85,-23.12,-134.97,66.5,19.95
14,Saskylakh,1,RU,1562102242,66,71.97,114.09,44.54,6.38
15,Qaanaaq,0,GL,1562102243,44,77.48,-69.36,49.94,3.31
16,Nabire,98,ID,1562102245,98,-3.36,135.5,69.38,3.85
17,Saint George,0,GR,1562102101,57,39.45,22.34,75.2,2.71
18,Cape Town,75,ZA,1562101847,93,-33.93,18.42,57.99,20.8
19,Hithadhoo,100,MV,1562102113,78,-0.6,73.08,83.6,11.16
20,Chumikan,100,RU,1562102249,84,54.72,135.31,49.76,3.06
21,Constitucion,75,MX,1562102171,14,23.99,-104.67,82.0,8.05
22,Auki,96,NG,1562102251,68,12.18,6.51,81.44,10.96
23,Rocha,100,UY,1562102253,74,-34.48,-54.34,50.12,14.97
24,Mar del Plata,79,AR,1562102254,75,-46.43,-67.52,37.16,9.48
25,Albany,75,US,1562102043,57,42.65,-73.75,84.99,8.05
26,Semirom,0,IR,1562102256,50,31.41,51.57,63.62,2.98
27,The Valley,20,AI,1562102131,66,18.22,-63.06,87.8,11.41
28,Dawei,100,MM,1562102259,76,14.07,98.19,80.9,4.36
29,Elko,1,US,1562102260,15,40.83,-115.76,84.99,8.05
30,San Patricio,100,PY,1562102261,86,-26.98,-56.83,59.3,2.08
31,Yar-Sale,0,RU,1562102262,53,66.83,70.83,65.96,8.46
32,Port Elizabeth,1,US,1562102178,46,39.31,-74.98,93.0,9.17
33,Hobart,75,AU,1562102099,75,-42.88,147.33,44.01,8.05
34,Emerald,90,AU,1562102266,67,-23.53,148.16,59.0,5.82
35,Sulangan,53,PH,1562102267,72,11.14,123.72,81.98,2.42
36,Cardenas,5,MX,1562102268,27,27.62,-110.24,98.6,10.29
37,Gueugnon,0,FR,1562102269,56,46.6,4.06,73.4,5.35
38,Shimoda,75,JP,1562102271,100,34.7,138.93,75.0,3.06
39,Sitka,13,US,1562102024,58,37.17,-99.65,84.99,5.01
40,Palmas,0,BR,1562102033,35,-10.18,-48.33,89.6,3.36
41,Alofi,40,NU,1562102126,69,-19.06,-169.92,77.0,13.87
42,Temple Terrace,1,US,1562102209,59,28.04,-82.39,93.0,10.29
43,Ancud,90,CL,1562102167,81,-41.87,-73.83,44.6,5.82
44,Jizan,40,SA,1562102021,56,16.89,42.56,95.0,3.36
45,Bemidji,40,US,1562102279,42,47.48,-94.89,84.99,8.05
46,Dongsheng,77,CN,1562102280,82,29.72,112.52,73.16,6.42
47,Cuenca,75,EC,1562102209,55,-2.9,-79.0,64.4,6.93
48,Marawi,100,PH,1562102282,88,8.0,124.29,75.0,4.0
49,Dan Khun Thot,100,TH,1562102283,89,15.21,101.77,73.34,13.18
50,Ayan,0,IR,1562102285,51,38.23,44.7,48.68,4.72
51,Saravan,2,AM,1562102286,40,39.72,45.65,69.8,6.93
52,Dikson,100,RU,1562102287,97,73.51,80.55,37.16,6.91
53,Esperance,90,AU,1562102288,76,-33.86,121.89,51.8,6.93
54,Vrangel,100,RU,1562102289,97,42.73,133.08,57.32,2.75
55,Iqaluit,20,CA,1562102291,53,63.75,-68.52,50.0,6.93
56,Pangai,75,TO,1562102292,83,-19.8,-174.35,77.0,17.22
57,Yellowknife,90,CA,1562101960,87,62.45,-114.38,51.8,13.87
58,Atuona,7,PF,1562102294,76,-9.8,-139.03,80.72,13.6
59,Carnarvon,0,ZA,1562102295,51,-30.97,22.13,43.64,8.25
60,Bambous Virieux,75,MU,1562102036,73,-20.34,57.76,71.6,8.05
61,Kalmunai,100,LK,1562102298,77,7.42,81.82,76.4,1.95
62,Sao Filipe,95,CV,1562102299,82,14.9,-24.5,73.7,19.91
63,Petropavlovsk-Kamchatskiy,90,RU,1562102300,100,53.05,158.65,46.4,2.24
64,Port Blair,100,IN,1562102037,79,11.67,92.75,83.24,22.97
65,Tevaitoa,79,PF,1562102302,81,-16.78,-151.5,76.76,30.74
66,Meulaboh,100,ID,1562102169,76,4.14,96.13,81.98,5.3
67,Isiro,57,CD,1562102305,98,2.77,27.62,67.76,0.81
68,Morococha,0,PE,1562102306,47,-11.61,-76.13,47.06,5.91
69,Havre-Saint-Pierre,1,CA,1562102023,67,50.23,-63.6,60.8,11.41
70,Hermanus,99,ZA,1562102308,76,-34.42,19.24,64.0,10.0
71,Barrow,41,AR,1562102151,59,-38.31,-60.23,43.46,18.05
72,Mataura,77,NZ,1562102311,89,-46.19,168.86,46.0,4.23
73,Leh,0,IN,1562102312,51,34.16,77.58,34.46,3.56
74,Selfoss,0,IS,1562102313,58,63.94,-21.0,57.0,5.48
75,Cabo San Lucas,5,MX,1562102220,58,22.89,-109.91,93.99,5.82
76,Saldanha,0,PT,1562102114,31,41.42,-6.55,75.32,1.81
77,Burnie,0,AU,1562102317,96,-41.05,145.91,36.0,3.0
78,Oranjemund,0,ZA,1562102318,76,-28.55,16.43,56.06,12.91
79,Kathmandu,75,NP,1562102073,94,27.71,85.32,73.4,3.36
80,Ketchikan,90,US,1562102270,77,55.34,-131.65,64.4,11.41
81,Yamasaki,75,JP,1562102321,88,34.97,134.76,73.4,2.24
82,Tasiilaq,100,GL,1562102322,86,65.61,-37.64,41.0,43.62
83,Bima,5,ID,1562102324,98,-8.45,118.73,68.12,3.02
84,Kruisfontein,64,ZA,1562102325,51,-34.0,24.73,61.28,11.01
85,Punta Arenas,90,CL,1562102094,80,-53.16,-70.91,35.6,9.17
86,Port Augusta,90,AU,1562102327,100,-32.49,137.76,44.6,5.82
87,Konongo,75,GH,1562102328,97,6.62,-1.21,73.88,4.23
88,Carlsbad,0,CZ,1562102094,51,50.23,12.87,64.99,5.82
89,Mahebourg,40,MU,1562102331,77,-20.41,57.7,69.8,3.36
90,Kirkwall,26,GB,1562102332,76,58.98,-2.96,50.0,11.41
91,Hurricane,1,US,1562102333,11,37.18,-113.29,98.6,10.29
92,Itaituba,40,BR,1562102334,58,-4.26,-55.99,87.8,1.81
93,Sorland,40,NO,1562102336,87,67.67,12.69,46.4,5.82
94,Nikolskoye,75,RU,1562102337,82,59.7,30.79,60.8,2.24
95,Krasnyy Chikoy,28,RU,1562102338,83,50.36,108.75,54.44,3.85
96,Busselton,0,AU,1562102103,74,-33.64,115.35,44.01,12.28
97,Kahului,90,US,1562102340,100,20.89,-156.47,84.99,5.82
98,Poum,0,MK,1562102122,55,41.28,20.71,63.98,2.42
99,Terrace,20,CA,1562102157,57,54.52,-128.61,75.2,3.36
100,Caravelas,11,BR,1562102344,86,-17.73,-39.27,74.24,9.31
101,Dubbo,0,AU,1562102345,80,-32.25,148.6,33.8,11.41
102,Kpandu,15,GH,1562102346,83,7.0,0.29,78.56,6.13
103,Fort Nelson,75,CA,1562102347,39,58.81,-122.69,66.2,6.93
104,Los Llanos de Aridane,90,ES,1562102241,78,28.66,-17.92,71.6,19.46
105,Harper,40,US,1562102350,45,30.3,-99.24,90.0,10.29
106,Talara,0,PE,1562102351,290,-4.58,-81.27,62.6,14.99
107,Sorong,100,ID,1562102352,95,-0.86,131.25,74.06,7.25
108,Butaritari,65,KI,1562102168,69,3.07,172.79,84.5,5.21
109,East London,67,ZA,1562101995,28,-33.02,27.91,62.72,9.42
110,Techiman,93,GH,1562102356,90,7.58,-1.94,75.14,3.31
111,Torbay,40,CA,1562102108,82,47.66,-52.73,66.2,12.75
112,Kavieng,13,PG,1562102358,77,-2.57,150.8,83.42,14.97
113,Upernavik,0,GL,1562102359,85,72.79,-56.15,40.76,8.23
114,Padang,97,ID,1562102360,80,-0.92,100.36,81.08,8.61
115,Maniitsoq,62,GL,1562102361,75,65.42,-52.9,40.76,2.82
116,Port-Cartier,75,CA,1562102363,63,50.03,-66.88,62.6,12.75
117,Hilo,20,US,1562102164,54,19.71,-155.08,84.2,10.29
118,French Harbor,20,HN,1562102365,66,16.35,-86.43,87.8,23.04
119,Khovu-Aksy,100,RU,1562102366,81,51.13,93.72,53.0,3.0
120,Avarua,16,CK,1562102150,53,-21.21,-159.78,73.4,17.22
121,Ati,0,TD,1562102369,44,13.21,18.34,90.8,4.99
122,Agadez,1,NE,1562102370,23,16.97,7.99,96.8,10.49
123,Victoria,75,BN,1562102101,88,5.28,115.24,80.6,7.25
124,Severo-Kurilsk,100,RU,1562102372,96,50.68,156.12,42.56,6.11
125,Sovetskiy,6,RU,1562102374,93,56.76,48.47,54.26,5.99
126,Tessalit,64,ML,1562102375,16,20.2,1.01,97.28,11.01
127,Lake Havasu City,1,US,1562102376,8,34.47,-114.34,106.0,4.7
128,Mwanza,20,TZ,1562102377,77,-2.52,32.9,69.8,2.1
129,Antalaha,75,MG,1562102378,98,-14.9,50.28,64.16,2.51
130,Ushuaia,40,AR,1562101883,96,-54.81,-68.31,32.0,13.87
131,Brae,44,GB,1562102381,81,60.4,-1.35,50.0,10.29
132,Rio Gallegos,75,AR,1562102377,83,-51.62,-69.22,35.6,6.93
133,Jalu,0,LY,1562102383,48,29.03,21.55,78.56,17.0
134,Nishihara,75,JP,1562102384,100,35.74,139.53,75.99,3.36
135,Tuktoyaktuk,75,CA,1562102124,76,69.44,-133.03,50.0,14.99
136,Hami,34,CN,1562102387,20,42.84,93.51,85.04,8.43
137,Poladpur,99,IN,1562102388,80,17.98,73.47,80.18,3.44
138,Karratha,21,AU,1562102389,39,-20.74,116.85,62.18,2.01
139,Nouadhibou,0,MR,1562102391,77,20.93,-17.03,69.8,19.46
140,Pacific Grove,1,US,1562102097,44,36.62,-121.92,84.99,23.04
141,Vila Velha,20,BR,1562102393,78,-3.71,-38.6,80.6,11.41
142,Grindavik,0,IS,1562102134,76,63.84,-22.43,55.4,11.41
143,Naliya,61,IN,1562102395,77,23.26,68.83,83.6,13.11
144,Kaihua,84,CN,1562102396,95,29.14,118.41,71.0,3.87
145,Bredasdorp,82,ZA,1562102398,63,-34.53,20.04,64.0,17.22
146,Malpe,40,IN,1562102399,83,13.35,74.72,78.8,4.7
147,Taltal,62,CL,1562102400,71,-25.41,-70.49,56.06,0.81
148,Homer,1,US,1562102401,72,59.64,-151.54,64.4,4.7
149,Georgetown,40,GY,1562102402,74,6.8,-58.16,84.2,16.11
150,Provideniya,90,RU,1562102404,100,64.42,-173.23,46.4,4.47
151,Novichikha,63,RU,1562102405,89,52.2,81.39,54.08,5.68
152,Kurilsk,100,RU,1562102406,97,45.23,147.88,51.02,2.66
153,Cidreira,0,BR,1562102407,65,-30.17,-50.22,52.64,1.01
154,Pangnirtung,75,CA,1562102408,34,66.15,-65.72,64.4,19.46
155,Hirado,100,JP,1562102410,100,33.32,129.49,71.01,3.36
156,Abancay,0,PE,1562102411,38,-13.64,-72.88,64.16,6.89
157,Jamestown,0,AU,1562102412,91,-33.21,138.6,46.34,6.6
158,Lebu,75,ET,1562102413,82,8.96,38.73,60.8,4.7
159,Armidale,64,AU,1562102415,77,-30.51,151.67,25.0,7.52
160,Port Lincoln,5,AU,1562102416,76,-34.72,135.86,58.22,8.68
161,Mouila,79,GA,1562102417,77,-1.86,11.06,71.54,4.72
162,La Foa,0,NC,1562102278,93,-21.71,165.83,66.2,4.7
163,Coquimbo,0,CL,1562102420,87,-29.95,-71.34,51.8,9.17
164,Lamu,100,CN,1562102421,86,35.77,102.37,51.74,0.63
165,Matara,0,BI,1562102422,72,-3.48,29.48,52.1,1.25
166,Camocim,67,BR,1562102223,70,-2.9,-40.84,80.18,8.99
167,Koshurnikovo,97,RU,1562102425,94,54.3,93.39,50.3,2.21
168,Ngunguru,100,NZ,1562102426,96,-35.62,174.5,62.01,8.01
169,Narsaq,90,GL,1562102427,70,60.91,-46.05,48.2,11.41
170,Ilulissat,75,GL,1562102429,28,69.22,-51.1,57.2,10.29
171,Caninde de Sao Francisco,52,BR,1562102430,60,-9.66,-37.79,74.96,5.32
172,Waingapu,17,ID,1562102431,92,-9.65,120.26,69.74,9.84
173,Lavrentiya,100,RU,1562102432,95,65.58,-170.99,43.46,4.59
174,Faanui,85,PF,1562102434,81,-16.48,-151.75,77.48,29.59
175,Kargalinskaya,0,RU,1562102435,42,43.74,46.48,78.74,6.24
176,Coihaique,90,CL,1562102436,99,-45.58,-72.07,42.8,1.3
177,Kodiak,1,US,1562102437,49,39.95,-94.76,93.99,8.05
178,Shagonar,100,RU,1562102438,84,51.54,92.92,54.98,3.47
179,New Norfolk,75,AU,1562102440,75,-42.78,147.06,44.01,8.05
180,Kuybyshevo,0,UA,1562102441,75,44.63,33.86,73.16,12.44
181,Puerto Ayora,75,EC,1562102126,61,-0.74,-90.35,78.8,19.46
182,Marystown,98,CA,1562102443,92,47.17,-55.16,57.5,4.18
183,Trofors,97,NO,1562102445,87,65.54,13.39,42.8,18.34
184,Bell Ville,0,AR,1562102446,51,-32.63,-62.69,54.44,4.43
185,Port Hardy,75,CA,1562102095,87,50.7,-127.42,57.2,3.36
186,Acapulco,75,MX,1562102432,74,16.86,-99.88,87.8,9.17
187,Pilar,0,AR,1562102449,47,-34.46,-58.91,59.0,8.05
188,Hambantota,100,LK,1562102451,83,6.12,81.12,82.34,19.01
189,Beyneu,16,KZ,1562102452,50,45.32,55.19,72.98,16.17
190,Tezu,96,IN,1562102453,93,27.93,96.16,74.42,2.19
191,Hualmay,21,PE,1562102454,88,-11.1,-77.61,62.9,19.26
192,Porto Novo,0,BR,1562102456,49,-23.68,-45.44,73.4,5.82
193,Aliwal North,0,ZA,1562102457,62,-30.69,26.71,35.18,3.24
194,Laguna,40,BZ,1562102458,55,16.17,-88.94,91.4,9.17
195,Kutum,100,SD,1562102459,60,14.2,24.66,76.04,9.6
196,Khatanga,100,RU,1562102110,43,71.98,102.47,55.34,7.09
197,Masterton,100,NZ,1562102462,69,-40.95,175.66,59.0,5.01
198,Berlevag,75,NO,1562102463,93,70.86,29.09,48.2,11.41
199,Beeville,40,US,1562102464,47,28.4,-97.75,97.0,12.75
200,Kunashak,75,RU,1562102465,100,55.7,61.55,62.01,6.71
201,Puerto Ayacucho,40,CO,1562102467,70,5.66,-67.63,84.2,2.46
202,Portland,40,US,1562101917,40,43.66,-70.25,89.01,12.75
203,Hirata,99,JP,1562102469,96,37.21,140.56,71.01,2.1
204,Cherskiy,32,RU,1562102470,56,68.75,161.3,52.1,15.9
205,Devonport,6,AU,1562102471,86,-41.18,146.36,36.0,1.99
206,Salalah,75,OM,1562102472,94,17.01,54.1,82.4,9.17
207,Griffith,0,AU,1562102474,100,-34.29,146.06,33.8,4.7
208,Tiksi,100,RU,1562102160,93,71.64,128.87,36.8,11.3
209,Hellin,0,ES,1562102476,56,38.51,-1.7,73.4,8.05
210,Kedrovyy,20,RU,1562102477,87,56.17,91.82,59.0,2.24
211,San Juan de los Morros,0,VE,1562102430,70,9.91,-67.35,79.1,5.82
212,Obihiro,0,JP,1562102479,88,42.92,143.2,62.9,5.35
213,Lata,0,IN,1562102481,82,30.78,78.62,39.32,1.05
214,Arraial do Cabo,0,BR,1562102117,88,-22.97,-42.02,75.2,4.7
215,Noumea,0,NC,1562102380,93,-22.28,166.46,66.2,4.7
216,Sosnovo-Ozerskoye,47,RU,1562102484,63,52.53,111.54,58.58,3.56
217,Puerto Varas,90,CL,1562102485,87,-41.32,-72.98,44.6,3.36
218,Tateyama,55,JP,1562102487,75,36.66,137.31,73.99,1.99
219,Theog,0,IN,1562102488,38,31.12,77.36,77.48,5.59
220,Walvis Bay,0,NA,1562102489,33,-22.95,14.51,73.4,4.7
221,Cap Malheureux,40,MU,1562102490,77,-19.98,57.61,69.8,3.36
222,Coulommiers,0,FR,1562102492,59,48.81,3.08,71.01,4.7
223,Korba,99,IN,1562102281,88,22.35,82.71,78.2,3.0
224,Hammerfest,75,NO,1562102494,75,70.66,23.68,46.4,6.93
225,Colac,86,AU,1562102495,98,-38.34,143.59,48.0,1.01
226,Luderitz,0,NA,1562102106,67,-26.65,15.16,57.2,14.99
227,Konya,0,TR,1562102344,32,37.87,32.48,68.0,5.82
228,Flin Flon,75,CA,1562102499,67,54.77,-101.88,59.0,11.41
229,La Asuncion,100,AR,1562102500,45,-26.05,-65.39,56.6,4.92
230,Vila Franca do Campo,20,PT,1562102501,94,37.72,-25.43,68.0,13.87
231,Ndjole,97,GA,1562102502,81,-0.18,10.76,75.68,5.3
232,Xining,100,CN,1562102503,78,36.62,101.77,50.66,3.04
233,Bilibino,100,RU,1562102098,69,68.06,166.44,51.38,0.31
234,Isangel,75,VU,1562102506,100,-19.55,169.27,66.2,6.17
235,Anshun,72,CN,1562102507,89,26.25,105.93,61.28,4.23
236,Vardo,1,US,1562102508,46,39.62,-77.74,93.99,11.41
237,Maceio,40,BR,1562102509,78,-9.67,-35.74,75.2,4.7
238,Miragoane,4,HT,1562102511,74,18.44,-73.09,82.88,7.52
239,Tuatapere,67,NZ,1562102512,89,-46.13,167.69,46.0,15.48
240,Saint-Philippe,1,CA,1562102513,37,45.36,-73.48,86.0,16.11
241,Shingu,94,JP,1562102181,97,33.72,135.99,67.58,1.7
242,Kinablangan,100,PH,1562102516,82,7.69,126.55,73.16,3.89
243,Airai,76,TL,1562102517,85,-8.93,125.41,70.1,3.31
244,Bandarbeyla,82,SO,1562102518,65,9.49,50.81,79.28,28.14
245,Mago,100,RU,1562102519,69,53.27,140.15,52.82,2.59
246,Namibe,0,AO,1562102128,80,-15.19,12.15,69.74,5.5
247,Caiaponia,0,BR,1562102522,47,-16.96,-51.81,72.08,4.65
248,Labuhan,100,ID,1562102523,84,-2.54,115.51,75.86,1.61
249,High Level,75,CA,1562102524,34,58.52,-117.13,68.0,21.92
250,Hay River,75,CA,1562102525,76,60.82,-115.79,51.8,2.24
251,Forestville,90,CA,1562102286,87,48.74,-69.09,60.8,3.36
252,Ahipara,95,NZ,1562102528,89,-35.17,173.16,62.0,16.8
253,Mizan Teferi,87,ET,1562102529,95,6.99,35.58,62.72,2.84
254,Chagoda,42,RU,1562102530,96,59.16,35.33,52.28,4.05
255,Tabas,0,IR,1562102531,24,33.6,56.92,95.0,13.87
256,Tarko-Sale,0,RU,1562102532,54,64.92,77.78,65.24,9.15
257,Kon Tum,100,VN,1562102534,99,14.36,108.0,67.58,3.94
258,Niquero,17,CU,1562102535,73,20.04,-77.58,83.78,6.24
259,Avera,1,US,1562102536,44,33.19,-82.53,99.0,4.85
260,Husavik,33,CA,1562102537,30,50.56,-96.99,77.0,8.99
261,Karatau,100,KZ,1562102539,54,43.18,70.46,70.46,16.93
262,Kulhudhuffushi,97,MV,1562102467,76,6.62,73.07,83.06,11.63
263,Kaitangata,100,NZ,1562102541,82,-46.28,169.85,48.0,4.0
264,Ust-Nera,100,RU,1562102542,90,64.57,143.24,47.96,3.22
265,Bathsheba,40,BB,1562102543,62,13.22,-59.52,86.0,17.22
266,Tuy Hoa,100,VN,1562102545,64,13.08,109.3,78.92,11.05
267,Morlaix,0,FR,1562102546,87,48.58,-3.83,59.0,6.93
268,Kozluk,0,TR,1562102547,46,38.17,41.5,69.8,5.82
269,Belaya Gora,48,RU,1562102548,69,68.54,146.19,54.8,10.27
270,Salihorsk,0,BY,1562102550,94,52.79,27.54,54.98,7.18
271,Mount Gambier,70,AU,1562102551,69,-37.83,140.78,56.24,2.91
272,Saint-Pierre,0,FR,1562102552,67,48.95,4.24,63.0,9.17
273,Belyy Yar,40,RU,1562102553,100,53.6,91.39,59.0,2.24
274,Upington,0,ZA,1562102554,56,-28.46,21.24,44.6,2.73
275,Nanyuki,53,KE,1562102556,84,0.01,37.07,57.86,12.59
276,Ribeira Grande,40,PT,1562102557,88,38.52,-28.7,71.6,9.17
277,Kavaratti,100,IN,1562102558,80,10.57,72.64,83.42,18.37
278,Nome,75,US,1562102425,83,30.04,-94.42,86.0,8.05
279,Pisco,0,PE,1562102560,30,-13.71,-76.2,71.6,21.92
280,Concarneau,0,FR,1562102562,63,47.88,-3.92,62.01,9.17
281,Cedar City,1,US,1562102563,12,37.68,-113.06,86.0,13.87
282,Norsup,20,VU,1562102564,94,-16.07,167.38,69.8,1.12
283,Nampa,1,US,1562102565,26,43.57,-116.56,84.2,11.41
284,Fortuna,75,US,1562102566,59,40.6,-124.16,77.0,18.34
285,Dalvik,0,SE,1562102568,93,57.79,14.13,50.0,8.05
286,Mitu,0,IR,1562102569,52,36.2,46.09,57.68,4.59
287,Geraldton,75,CA,1562102163,32,49.72,-86.95,84.2,9.17
288,Linkou,94,CN,1562102571,97,45.29,130.27,56.42,3.78
289,Marti,40,CU,1562102572,55,21.15,-77.45,89.6,12.75
290,Piranhas,0,BR,1562102574,40,-16.43,-51.82,73.7,5.28
291,Sioux Lookout,75,CA,1562102575,54,50.1,-91.92,80.6,8.05
292,Bambanglipuro,83,ID,1562102576,87,-7.95,110.28,75.86,11.3
293,Faya,20,SA,1562102577,41,18.39,42.45,78.8,1.7
294,Srednekolymsk,100,RU,1562102578,66,67.46,153.71,52.28,13.31
295,Karatuzskoye,85,RU,1562102580,91,53.61,92.87,51.56,3.15
296,Gniezno,0,PL,1562102581,54,52.54,17.6,60.01,6.93
297,Heilbron,0,ZA,1562102582,46,-27.29,27.97,39.32,7.05
298,Calvinia,14,ZA,1562102583,52,-31.47,19.78,45.62,2.01
299,Ulladulla,40,AU,1562102584,61,-35.36,150.48,48.2,8.05
300,Arlit,61,NE,1562102586,12,18.74,7.39,102.86,7.81
301,Maraa,11,BR,1562102587,72,-1.83,-65.37,83.6,2.44
302,North Vanlaiphai,72,IN,1562102347,95,23.13,93.07,69.92,1.68
303,Katsuura,75,JP,1562102589,94,33.93,134.5,71.6,3.36
304,Teguldet,91,RU,1562102590,95,57.31,88.17,62.9,4.92
305,Rey Bouba,68,CM,1562102592,76,8.67,14.18,76.76,3.36
306,Ponta do Sol,0,BR,1562102593,54,-20.63,-46.0,66.32,4.47
307,Bethel,75,US,1562102570,82,60.79,-161.76,57.2,20.8
308,Hasaki,75,JP,1562102595,100,35.73,140.83,71.6,3.36
309,Baker City,40,US,1562102328,40,44.77,-117.83,75.2,10.29
310,Atar,0,MR,1562102597,9,20.52,-13.05,103.4,7.34
311,Durazno,33,UY,1562102599,85,-33.38,-56.52,48.68,10.29
312,Zhezkazgan,40,KZ,1562102600,67,47.8,67.71,60.92,2.35
313,Nipawin,90,CA,1562102601,63,53.36,-104.02,60.8,17.22
314,Kristiansand,1,US,1562102602,41,37.36,-76.77,95.0,6.31
315,San Carlos de Bariloche,40,AR,1562102604,60,-41.13,-71.31,39.2,12.75
316,Ruwi,0,OM,1562102605,75,23.6,58.55,91.4,2.24
317,Katobu,86,ID,1562102606,95,-4.94,122.53,71.54,2.57
318,Poya,0,NC,1562102607,71,-21.35,165.16,71.0,6.29
319,Banda Aceh,100,ID,1562102570,73,5.56,95.32,84.5,16.98
320,Dingle,44,PH,1562102610,84,11.0,122.67,73.88,2.42
321,Pleshanovo,33,RU,1562102611,87,57.46,28.17,55.4,8.95
322,Biltine,100,TD,1562102612,53,14.53,20.93,80.36,26.51
323,Juneau,40,US,1562102613,64,58.3,-134.42,69.8,12.75
324,Muravlenko,0,RU,1562102615,67,63.79,74.5,66.68,8.52
325,Eregli,0,TR,1562102330,42,37.51,34.05,65.24,2.1
326,Vanavara,47,RU,1562102617,90,60.35,102.28,62.18,6.49
327,Leningradskiy,100,RU,1562102618,98,69.38,178.42,36.8,3.8
328,Nunkini,64,MX,1562102619,70,20.4,-90.15,85.4,20.83
329,Skjervoy,75,NO,1562102620,87,70.03,20.97,46.4,3.36
330,Dunmore Town,39,BS,1562102622,63,25.5,-76.65,84.5,3.36
331,Tutoia,0,BR,1562102623,78,-2.76,-42.27,82.4,10.29
332,Synya,76,RU,1562102624,85,65.37,58.04,58.94,5.26
333,Aguimes,75,ES,1562102625,68,27.91,-15.45,72.0,24.16
334,Thompson,75,CA,1562102627,59,55.74,-97.86,60.8,12.75
335,Aquiraz,20,BR,1562102628,78,-3.9,-38.39,80.6,11.41
336,Khowai,33,IN,1562102629,97,24.08,91.6,76.04,5.35
337,Richards Bay,0,ZA,1562102630,60,-28.77,32.06,66.32,14.85
338,Prince Rupert,1,CA,1562102631,82,54.32,-130.32,60.8,6.93
339,Elizabeth City,1,US,1562102633,46,36.3,-76.22,96.01,10.29
340,Pavlohrad,75,UA,1562102634,93,48.53,35.87,66.2,4.47
341,Berdigestyakh,87,RU,1562102635,72,62.1,126.7,45.44,10.8
342,Hede,100,SE,1562102636,66,60.45,15.49,51.8,4.7
343,Tabou,100,CI,1562102637,87,4.42,-7.36,76.22,6.62
344,Hovd,40,NO,1562102639,75,63.83,10.7,46.99,19.46
345,Vila,0,IT,1562102640,65,45.18,8.4,84.0,6.93
346,Bocaiuva,0,BR,1562102641,47,-17.12,-43.81,68.66,3.87
347,Lashio,60,MM,1562102642,98,22.93,97.75,67.4,0.6
348,Orbetello,0,IT,1562102643,88,42.44,11.21,75.99,6.93
349,Houston,1,US,1562102634,70,29.76,-95.37,89.01,5.7
350,Marsh Harbour,85,BS,1562102646,59,26.54,-77.06,85.22,1.32
351,Gat,1,SN,1562102647,78,14.69,-16.54,77.0,10.29
352,Moree,45,AU,1562102648,77,-29.46,149.84,46.99,10.29
353,Pochutla,40,MX,1562102649,70,15.74,-96.47,91.0,3.36
354,Mangochi,37,MW,1562102651,65,-14.48,35.26,68.12,9.13
355,Coloso,10,CO,1562102652,80,9.49,-75.36,83.42,10.07
356,Bereda,75,ES,1562102653,88,43.27,-7.54,62.6,6.93
357,Barabai,100,ID,1562102654,88,-2.59,115.38,76.4,1.19
358,Haradok,27,BY,1562102655,82,55.46,29.99,54.62,9.19
359,Margate,75,AU,1562102657,75,-43.03,147.26,44.01,8.05
360,Bud,75,NO,1562102594,75,62.91,6.91,46.4,25.28
361,Komsomolskiy,86,RU,1562102659,60,67.55,63.78,67.4,8.46
362,Arawa,98,ID,1562102660,83,-3.93,119.75,77.3,10.38
363,Watertown,75,US,1562102430,54,44.9,-97.12,84.2,4.88
364,Iskateley,100,RU,1562102663,96,67.68,53.15,57.86,8.01
365,Ridgecrest,75,US,1562102664,8,35.62,-117.67,98.01,6.93
366,Lorengau,25,PG,1562102665,84,-2.02,147.27,78.92,7.27
367,Palmer,40,AU,1562102666,93,-34.85,139.16,53.01,1.12
368,Chapais,1,CA,1562102668,40,49.78,-74.86,73.4,12.75
369,Tual,33,ID,1562102570,81,-5.67,132.75,77.66,17.83
370,Kishi,100,NG,1562102670,90,9.08,3.85,75.32,8.25
371,Deputatskiy,67,RU,1562102671,77,69.3,139.9,43.1,9.19
372,Bilma,0,NE,1562102672,11,18.69,12.92,93.68,8.79
373,Kirakira,80,SB,1562102674,81,-10.46,161.92,78.38,9.35
374,Kattivakkam,40,IN,1562102675,74,13.22,80.32,87.8,4.7
375,North Bend,90,US,1562102676,63,43.41,-124.22,73.0,10.29
376,Bay Roberts,75,CA,1562102553,88,47.58,-53.28,66.0,8.05
377,Garowe,66,SO,1562102678,44,8.41,48.48,84.14,23.85
378,Hohhot,0,CN,1562102680,82,40.81,111.65,55.4,2.24
379,Tahoua,100,NE,1562102681,63,14.89,5.26,80.54,16.98
380,Gananoque,75,CA,1562102682,94,44.33,-76.16,84.99,6.93
381,Saint-Francois,0,FR,1562102683,64,46.42,3.91,71.6,2.24
382,Mahibadhoo,100,MV,1562102684,63,3.78,72.97,83.24,5.1
383,Awjilah,0,LY,1562102686,56,29.14,21.3,75.32,14.43
384,Ciudad Bolivar,100,VE,1562102687,53,8.12,-63.55,88.64,8.1
385,Aras,75,ES,1562102688,88,42.56,-2.36,66.99,9.17
386,Guerrero Negro,0,MX,1562102116,79,27.97,-114.04,69.38,16.02
387,Lodja,7,CD,1562102690,45,-3.52,23.6,74.6,1.45
388,Naze,100,NG,1562102692,94,5.43,7.07,75.68,6.17
389,Barbastro,0,ES,1562102693,47,42.04,0.13,81.0,4.7
390,Shenjiamen,100,CN,1562102600,96,29.96,122.3,76.04,4.18
391,Najran,40,SA,1562102678,15,17.54,44.22,87.8,2.86
392,North Platte,1,US,1562102696,65,41.12,-100.77,86.0,9.17
393,Muros,90,ES,1562102698,87,42.77,-9.06,73.99,10.29
394,Gornopravdinsk,18,RU,1562102699,81,60.06,69.92,61.82,5.53
395,Pompeu,0,BR,1562102700,30,-21.05,-48.85,84.2,3.36
396,Kargil,0,PK,1562102702,38,34.56,76.13,49.04,4.61
397,Etzatlan,25,MX,1562102703,42,20.77,-104.08,84.0,4.0
398,Ormara,80,PK,1562102704,80,25.21,64.64,82.88,3.44
399,Powell,40,US,1562102705,41,40.16,-83.08,95.0,16.11
400,Ewa Beach,40,US,1562102706,52,21.32,-158.01,87.8,10.29
401,Castro,90,CL,1562102174,81,-42.48,-73.76,44.6,5.82
402,Nanortalik,97,GL,1562102570,96,60.14,-45.24,35.18,1.54
403,Beringovskiy,53,RU,1562102710,63,63.05,179.32,54.44,4.14
404,Tura,14,RU,1562102711,60,64.27,100.22,56.24,3.4
405,Coos Bay,90,US,1562102645,63,43.37,-124.22,73.0,10.29
406,Tautira,75,PF,1562102713,61,-17.73,-149.15,82.0,5.82
407,Bodden Town,20,KY,1562102715,75,19.28,-81.25,89.6,13.87
408,Aklavik,40,CA,1562102716,59,68.22,-135.01,60.8,6.93
409,Nantucket,1,US,1562102717,88,41.28,-70.1,81.0,13.87
410,Gillette,1,US,1562102718,39,44.29,-105.5,84.2,19.46
411,Kampene,0,CD,1562102719,52,-3.59,26.67,71.9,1.92
412,Omboue,26,GA,1562102721,83,-1.57,9.26,73.16,15.19
413,Kedougou,75,SN,1562102722,83,12.56,-12.19,77.0,4.7
414,Klaksvik,0,FO,1562102636,75,62.23,-6.59,46.4,11.41
415,Bowen,0,AU,1562102724,100,-20.01,148.25,66.0,3.36
416,Pimentel,96,BR,1562102725,96,-3.7,-45.5,75.86,2.46
417,Taoudenni,0,ML,1562102727,8,22.68,-3.98,103.76,8.63
418,Charters Towers,0,AU,1562102728,88,-20.07,146.27,55.34,3.94
419,Mamlyutka,90,KZ,1562102729,87,54.94,68.54,60.8,13.42
420,Smithers,40,CA,1562102651,47,54.78,-127.17,78.8,4.7
421,Grand Gaube,40,MU,1562102731,77,-20.01,57.66,69.8,3.36
422,Horizontina,100,BR,1562102733,98,-27.63,-54.31,57.32,1.66
423,Maningrida,95,AU,1562102734,96,-12.05,134.23,57.68,6.02
424,Venado Tuerto,29,AR,1562102735,49,-33.75,-61.97,48.99,4.0
425,Mbanza-Ngungu,7,CD,1562102736,74,-5.25,14.87,69.74,4.76
426,Muscat,0,OM,1562102738,75,23.6,58.55,91.4,2.24
427,Bubaque,30,GW,1562102739,85,11.28,-15.83,80.72,13.09
428,Inhambane,0,MZ,1562102740,92,-23.87,35.38,59.12,1.92
429,Souillac,0,FR,1562102741,60,45.6,-0.6,75.2,5.82
430,Morros,0,BR,1562102742,74,-2.87,-44.04,82.4,12.75
431,Grand-Santi,100,GF,1562102744,98,4.27,-54.38,74.42,2.28
432,San Quintin,100,PH,1562102632,88,17.54,120.52,74.78,4.09
433,Coahuayana,0,MX,1562102746,52,18.62,-100.35,89.9,2.15
434,Ambulu,87,ID,1562102747,88,-8.35,113.61,76.04,4.61
435,Shache,0,CN,1562102749,89,38.42,77.24,80.01,8.66
436,Sao Joao da Barra,0,BR,1562102750,65,-21.64,-41.05,78.8,6.93
437,Usinsk,100,RU,1562102751,78,66.0,57.56,59.66,14.56
438,Ushtobe,1,KZ,1562102752,25,45.25,77.98,71.54,8.72
439,Okhotsk,100,RU,1562102753,79,59.36,143.24,52.1,14.38
440,Penarroya-Pueblonuevo,0,ES,1562102755,44,38.3,-5.27,80.6,8.05
441,Kungurtug,6,RU,1562102756,69,50.6,97.53,43.28,2.24
442,Tirur,75,IN,1562102757,94,10.92,75.92,78.8,3.36
443,Mehamn,75,NO,1562102645,87,71.03,27.85,48.2,3.36
444,Marovoay,0,MG,1562102760,83,-16.11,46.64,71.6,5.26
445,Aripuana,0,BR,1562102761,42,-9.17,-60.63,89.36,2.17
446,Pishin,0,PK,1562102762,55,30.58,67.0,74.96,3.42
447,Ucluelet,90,CA,1562102553,93,48.94,-125.55,70.0,6.93
448,Songjianghe,54,CN,1562102723,97,42.18,127.48,53.72,4.32
449,Sechura,4,PE,1562102766,82,-5.56,-80.82,67.04,14.76
450,Belmonte,0,PT,1562102767,91,40.36,-7.35,60.2,4.61
451,Palana,100,RU,1562102768,93,59.08,159.95,47.96,13.53
452,Sinnamary,100,GF,1562102569,78,5.38,-52.96,80.0,8.5
453,Ferrol,75,ES,1562102770,88,43.48,-8.23,63.0,6.93
454,Progreso,0,UY,1562102772,58,-34.68,-56.22,57.0,18.34
455,Rumphi,8,MW,1562102773,73,-11.02,33.86,59.66,6.46
456,Clyde River,90,CA,1562102774,93,70.47,-68.59,35.6,20.8
457,Longyearbyen,75,NO,1562102625,75,78.22,15.63,46.4,12.75
458,Elbistan,0,TR,1562102776,35,38.2,37.19,62.72,6.24
459,Wanning,75,AT,1562102778,64,48.64,13.53,71.01,4.7
460,Sarangani,100,PH,1562102779,79,5.4,125.46,79.82,7.09
461,Northam,0,AU,1562102780,76,-31.65,116.67,55.4,10.29
462,Monrovia,75,LR,1562102781,94,6.33,-10.8,78.8,5.82
463,Pavlogradka,100,RU,1562102782,58,54.2,73.56,63.44,9.62
464,Black Diamond,90,CA,1562102784,58,50.69,-114.23,62.01,2.24
465,Lompoc,1,US,1562102575,56,34.64,-120.46,84.0,21.92
466,Trairi,26,BR,1562102786,79,-3.28,-39.27,74.6,4.65
467,Ahualulco,90,MX,1562102787,38,22.4,-101.17,77.0,8.05
468,Mudgee,0,AU,1562102788,74,-32.6,149.59,35.6,6.93
469,Niono,1,ML,1562102790,24,14.25,-5.99,98.36,1.34
470,Katherine,41,AU,1562102711,76,-14.47,132.26,51.8,5.82
471,Suntar,0,RU,1562102792,63,62.16,117.65,48.68,7.34
472,Matagami,100,NG,1562102793,94,9.67,8.4,72.8,5.03
473,Notre-Dame-du-Lac,75,CA,1562102794,72,47.61,-68.8,72.0,6.93
474,Asyut,0,EG,1562102796,30,27.18,31.19,84.2,6.93
475,Acajutla,0,SV,1562102596,72,13.59,-89.83,85.04,9.51
476,Mlowo,0,TZ,1562102798,85,-9.01,33.0,56.96,6.46
477,Zhuanghe,37,CN,1562102799,49,39.7,122.97,73.99,4.0
478,Loanda,100,BR,1562102800,62,-22.93,-53.14,74.96,1.01
479,Ola,98,RU,1562102802,94,59.58,151.3,44.54,9.75
480,Mandera,100,ET,1562102803,60,3.94,41.86,80.72,16.6
481,Ukiah,1,US,1562102680,28,39.15,-123.21,88.0,12.75
482,Nhulunbuy,91,AU,1562102805,100,-12.18,136.78,64.4,9.95
483,Comodoro Rivadavia,40,AR,1562102806,80,-45.87,-67.48,41.0,6.93
484,Sofia,0,BG,1562102790,73,42.7,23.32,71.6,4.7
485,LaBelle,20,US,1562102809,47,26.76,-81.44,95.0,5.5
486,Nakusp,100,CA,1562102810,89,50.24,-117.8,53.9,4.23
487,Ardakan,20,IR,1562102811,27,32.31,54.02,86.0,9.17
488,Eyl,0,SO,1562102812,62,7.98,49.82,78.56,26.04
489,Kuala Terengganu,75,MY,1562102813,94,5.33,103.14,82.4,1.12
490,Vanimo,100,PG,1562102677,77,-2.67,141.3,80.36,6.42
491,Nangong,33,CN,1562102816,74,37.36,115.37,71.72,8.48
492,Broome,42,GB,1562102817,72,52.47,1.45,60.8,1.12
493,Akureyri,0,IS,1562102818,66,65.68,-18.09,50.0,11.41
494,Catia La Mar,20,VE,1562102708,74,10.6,-67.03,82.0,5.82
495,Puerto Escondido,40,MX,1562102820,70,15.86,-97.07,86.0,3.36
496,Brewster,1,US,1562102593,73,41.76,-70.08,84.2,9.17
497,Ust-Tsilma,100,RU,1562102823,98,65.44,52.15,58.4,6.44
498,Melilla,40,EC,1562102824,69,-0.8,-80.23,78.8,9.17
499,Toktogul,5,KG,1562102825,65,41.87,72.95,57.14,1.81
500,Dunedin,100,NZ,1562102652,78,-45.87,170.5,52.28,8.77
501,Gainesville,40,US,1562102785,59,29.65,-82.33,98.01,18.34
502,Itatinga,0,BR,1562102829,75,-23.1,-48.61,67.4,6.42
503,Namangan,0,UZ,1562102830,50,41.0,71.67,77.84,11.77
504,Sikonge,65,TZ,1562102831,37,-5.63,32.75,72.08,4.61
505,Balgazyn,100,RU,1562102832,68,51.0,95.2,52.28,7.4
506,Marsa Matruh,0,EG,1562102834,83,31.35,27.25,77.0,8.05
507,Finote Selam,76,ET,1562102835,87,10.7,37.27,62.18,2.95
508,Kazerun,0,IR,1562102836,16,29.62,51.65,87.2,4.03
509,Soe,90,EE,1562102837,93,57.91,26.05,55.4,11.41
510,Zhigansk,95,RU,1562102764,71,66.77,123.37,46.7,23.67
511,Berberati,1,CF,1562102840,87,4.26,15.79,71.9,3.02
512,Haverfordwest,0,GB,1562102841,76,51.8,-4.97,61.0,13.87
513,Kolondieba,94,ML,1562102842,68,11.09,-6.89,80.36,5.5
514,Batagay-Alyta,100,RU,1562102843,94,67.8,130.41,35.9,6.15
515,Baie-Comeau,75,CA,1562102612,93,49.22,-68.15,59.0,4.7
516,Gryazi,0,RU,1562102846,76,52.5,39.96,57.2,6.71
517,Truckee,1,US,1562102561,15,39.33,-120.18,84.2,17.22
518,Vostok,74,RU,1562102848,92,46.45,135.83,57.5,2.51
519,Banjar,64,ID,1562102849,96,-7.37,108.54,69.56,0.36
520,Qujing,97,CN,1562102851,96,25.49,103.8,60.38,3.89
521,Mount Isa,40,AU,1562102852,32,-20.73,139.49,53.6,6.93
522,Rome,0,IT,1562102624,50,41.89,12.48,80.01,1.12
523,Wanaka,63,NZ,1562102854,89,-44.7,169.14,46.99,1.01
524,Talnakh,0,RU,1562102659,48,69.49,88.39,60.8,6.71
525,Cannes,0,FR,1562102856,73,43.55,7.01,80.6,3.36
526,Ostrov,33,RU,1562102858,87,57.34,28.36,55.4,8.95
527,Prudentopolis,100,BR,1562102822,85,-25.21,-50.98,63.44,3.29
528,Serenje,0,ZM,1562102860,73,-13.23,30.22,56.6,4.43
529,Buraydah,0,SA,1562102861,22,26.33,43.97,96.8,9.17
530,Nicoya,75,CR,1562102862,55,10.15,-85.45,89.6,16.11
531,Shieli,7,KZ,1562102864,43,44.18,66.74,67.94,14.74
532,Chokurdakh,100,RU,1562102598,73,70.62,147.9,45.98,7.94
533,Borger,0,NL,1562102866,87,52.92,6.79,59.0,2.24
534,Key West,40,US,1562102867,57,47.93,-96.78,87.8,14.99
535,Satipo,25,PE,1562102868,74,-11.26,-74.64,49.58,5.66
536,Gamba,0,CN,1562102870,76,28.28,88.52,41.3,3.11
537,Cururupu,85,BR,1562102871,85,-1.82,-44.87,78.2,4.09
538,Hofn,90,IS,1562102872,64,64.25,-15.21,41.66,8.14
539,Miles City,1,US,1562102873,49,46.41,-105.84,73.4,13.87
540,Tirumullaivasal,100,IN,1562102874,54,11.24,79.84,85.76,7.54
541,Marrakesh,0,MA,1562102876,47,31.63,-7.99,75.2,8.05
542,Eboli,0,IT,1562102877,10,40.62,15.06,82.99,4.34
543,Verkhoyansk,100,RU,1562102878,75,67.55,133.39,44.9,11.18
544,Norfolk,1,US,1562102795,41,36.85,-76.29,93.99,5.82
545,Camacha,40,PT,1562102880,68,33.08,-16.33,69.8,16.11
546,Alexandria,0,RO,1562102806,48,43.97,25.33,77.66,3.0
547,Helong,100,CN,1562102883,92,25.94,116.13,76.22,1.54
548,Kharitonovo,100,RU,1562102884,77,61.4,47.5,57.32,3.36
549,Rawson,64,AR,1562102885,72,-43.3,-65.11,39.14,19.93
550,Te Anau,6,NZ,1562102886,76,-45.41,167.72,47.96,9.22
551,Westport,75,US,1562102888,57,41.14,-73.36,84.99,11.41
552,Kasongo-Lunda,10,CD,1562102889,27,-6.48,16.82,69.38,2.93
553,Baghdad,0,IQ,1562102590,26,33.3,44.38,91.4,13.87
554,Quatre Cocos,40,MU,1562102891,77,-20.21,57.76,69.8,3.36
555,Vao,100,EE,1562102892,96,59.1,26.19,55.34,9.82
556,Natal,75,BR,1562102891,78,-5.81,-35.21,78.8,6.93
557,Bangui,20,CF,1562102895,94,4.39,18.55,77.0,2.57
558,Hongjiang,77,CN,1562102896,74,27.21,109.83,67.22,2.62
559,Arman,100,RU,1562102897,90,59.7,150.17,49.58,4.27
560,Vysokogornyy,66,RU,1562102898,85,50.1,139.13,49.4,2.04
561,Jingdezhen,99,CN,1562102899,95,29.29,117.2,73.88,3.0
562,Muisne,75,EC,1562102901,70,0.61,-80.02,86.0,8.05
563,Sohag,0,EG,1562102902,22,26.55,31.7,87.8,6.93
564,Channel-Port aux Basques,100,CA,1562102903,94,47.57,-59.14,50.48,10.2
565,Bauchi,100,NG,1562102904,89,10.31,9.85,68.84,8.23
566,Yerbogachen,67,RU,1562102905,64,61.28,108.01,54.62,6.53
567,Pizarro,70,CO,1562102907,85,4.95,-77.37,79.64,14.54
568,College,75,US,1562102908,45,64.86,-147.8,70.0,3.36
569,Mayor Pablo Lagerenza,3,PY,1562102909,37,-19.93,-60.77,88.82,15.14
570,Itarema,23,BR,1562102910,80,-2.92,-39.92,76.76,9.4
571,Tete,40,MZ,1562102671,61,-16.16,33.59,77.0,6.93
572,Virginia Beach,20,US,1562102913,43,36.85,-75.98,93.99,4.7
573,Show Low,1,US,1562102914,13,34.25,-110.03,93.99,10.29
574,Gilgit,0,PK,1562102915,42,35.92,74.31,49.4,4.27
575,Baruun-Urt,5,MN,1562102916,59,46.68,113.28,60.74,4.5
576,Mackay,75,CA,1562102917,51,53.65,-115.58,66.2,12.75
577,Bonavista,100,CA,1562102692,79,48.65,-53.11,55.0,1.01
578,Rio Blanco,5,MX,1562102920,23,28.62,-111.47,105.8,6.93
579,Lahij,58,YE,1562102921,41,13.06,44.88,91.52,10.45
