,City,Cloudiness,Country,Date,Humidity,Lat,Lng,Max Temp,Wind Speed
0,Zinder,0,NE,1562133478,69,13.81,8.99,82.4,9.17
1,Bredasdorp,38,ZA,1562133479,82,-34.53,20.04,62.01,8.05
2,Riyadh,0,SA,1562133294,11,24.63,46.72,96.8,3.36
3,Codrington,40,AU,1562133482,68,-28.95,153.24,69.8,16.11
4,Kirakira,100,SB,1562133483,86,-10.46,161.92,79.04,9.06
5,Hermanus,59,ZA,1562133484,81,-34.42,19.24,62.01,8.01
6,Hilo,20,US,1562133485,65,19.71,-155.08,78.8,5.82
7,Dunedin,8,NZ,1562133486,60,-45.87,170.5,55.99,5.01
8,Chuy,5,UY,1562133488,63,-33.69,-53.46,47.9,18.21
9,Abha,9,SA,1562133489,25,18.22,42.5,80.6,10.58
10,Rikitea,100,PF,1562133490,81,-23.12,-134.97,64.82,19.98
11,Punta Arenas,90,CL,1562133416,88,-53.16,-70.91,33.8,12.75
12,Bluff,0,AU,1562133492,44,-23.58,149.07,73.46,14.14
13,Dingle,6,PH,1562133494,57,11.0,122.67,89.48,3.98
14,Butaritari,15,KI,1562133495,67,3.07,172.79,84.8,5.03
15,Geraldton,20,CA,1562133496,72,49.72,-86.95,62.6,4.7
16,Port Lincoln,52,AU,1562133497,75,-34.72,135.86,59.06,8.95
17,Ushuaia,20,AR,1562133222,86,-54.81,-68.31,28.4,6.93
18,Rumphi,0,MW,1562133500,55,-11.02,33.86,68.06,8.14
19,Sao Joao da Barra,0,BR,1562133501,80,-21.64,-41.05,66.44,4.41
20,New Norfolk,75,AU,1562133502,62,-42.78,147.06,55.4,3.36
21,Ilulissat,36,GL,1562133428,86,69.22,-51.1,39.2,3.36
22,Georgetown,75,GY,1562133504,100,6.8,-58.16,75.2,4.7
23,Carnarvon,0,ZA,1562133505,55,-30.97,22.13,40.7,5.08
24,Aklavik,20,CA,1562133507,62,68.22,-135.01,57.2,6.93
25,Kahului,1,US,1562133508,94,20.89,-156.47,77.0,13.87
26,Mastic Beach,90,US,1562133509,88,40.77,-72.85,77.0,1.57
27,Mataura,74,NZ,1562133510,77,-46.19,168.86,48.0,8.01
28,Lamu,100,CN,1562133511,59,35.77,102.37,63.56,10.67
29,Atuona,1,PF,1562133352,76,-9.8,-139.03,80.12,15.05
30,Sao Filipe,86,CV,1562133514,82,14.9,-24.5,73.46,15.52
31,Avarua,33,CK,1562133487,64,-21.21,-159.78,71.6,18.34
32,Kaitangata,46,NZ,1562133516,52,-46.28,169.85,51.01,5.99
33,Los Llanos de Aridane,90,ES,1562133517,64,28.66,-17.92,71.6,17.22
34,Arraial do Cabo,97,BR,1562133518,71,-22.97,-42.02,72.38,8.25
35,Port Keats,41,AU,1562133520,25,-14.25,129.55,85.34,11.27
36,Busselton,25,AU,1562133521,40,-33.64,115.35,66.99,25.14
37,Ribeira Grande,2,PT,1562133522,91,38.52,-28.7,69.14,8.25
38,Ostrovnoy,100,RU,1562133524,93,68.05,39.51,50.24,6.91
39,Walsrode,20,DE,1562133525,76,52.86,9.59,57.99,4.7
40,Luanda,75,AO,1562133261,83,-8.83,13.24,71.6,4.7
41,Half Moon Bay,90,US,1562133257,87,37.46,-122.43,61.0,9.17
42,Ahipara,78,NZ,1562133528,87,-35.17,173.16,62.3,12.84
43,Beringovskiy,39,RU,1562133530,53,63.05,179.32,63.38,6.2
44,Port Alfred,21,ZA,1562133293,60,-33.59,26.89,64.99,5.01
45,Broken Hill,0,AU,1562133532,41,-31.97,141.45,60.8,17.22
46,Port Elizabeth,20,US,1562133533,94,39.31,-74.98,75.2,5.82
47,Guerrero Negro,0,MX,1562133534,82,27.97,-114.04,67.16,16.51
48,Ranong,75,TH,1562133536,79,9.96,98.62,86.0,11.41
49,Timizart,0,DZ,1562133537,86,36.8,4.25,74.0,7.0
50,Cayenne,87,GF,1562133538,94,4.94,-52.33,75.2,3.4
51,Mahebourg,75,MU,1562133539,94,-20.41,57.7,71.01,3.36
52,Isangel,90,VU,1562133540,69,-19.55,169.27,77.0,3.38
53,Okhotsk,99,RU,1562133542,68,59.36,143.24,55.1,16.4
54,Cape Town,75,ZA,1562133266,93,-33.93,18.42,57.99,10.29
55,Castro,90,CL,1562133544,100,-42.48,-73.76,41.0,8.05
56,Manta,7,RO,1562133545,72,45.1,24.1,73.46,4.56
57,Kapaa,90,US,1562133546,78,22.08,-159.32,80.6,10.29
58,Mount Gambier,90,AU,1562133548,71,-37.83,140.78,57.2,5.82
59,Mildura,90,AU,1562133549,48,-34.18,142.16,62.6,6.93
60,Vaini,75,IN,1562133550,94,15.34,74.49,75.2,9.17
61,Kopervik,75,NO,1562133551,76,59.28,5.31,51.8,18.34
62,Kurchum,79,KZ,1562133553,45,48.57,83.65,68.24,11.88
63,Wanning,40,AT,1562133554,48,48.64,13.53,69.01,10.29
64,Kruisfontein,54,ZA,1562133555,61,-34.0,24.73,54.74,6.08
65,Havre-Saint-Pierre,90,CA,1562133556,93,50.23,-63.6,51.8,3.36
66,Hobart,75,AU,1562133500,62,-42.88,147.33,55.4,3.36
67,Khorramshahr,0,IR,1562133558,28,30.43,48.18,96.8,13.87
68,Abu Zabad,98,SD,1562133560,67,12.35,29.25,76.16,12.88
69,Katyuzhanka,0,UA,1562133561,48,50.81,30.14,71.01,11.18
70,Pontianak,43,ID,1562133562,81,-0.02,109.34,83.36,13.69
71,Barrow,23,AR,1562133563,70,-38.31,-60.23,41.24,13.98
72,Chokurdakh,96,RU,1562133564,65,70.62,147.9,46.28,11.7
73,Tiksi,100,RU,1562133566,88,71.64,128.87,38.9,9.95
74,Igualada,0,ES,1562133294,78,41.58,1.62,80.01,3.36
75,Te Anau,91,NZ,1562133568,74,-45.41,167.72,44.48,15.17
76,Hamilton,75,CA,1562133435,100,43.26,-79.87,71.01,4.7
77,Norman Wells,75,CA,1562133570,82,65.28,-126.83,55.4,10.29
78,Albany,1,US,1562133572,100,42.65,-73.75,70.0,5.82
79,Yellowknife,90,CA,1562133573,81,62.45,-114.38,51.8,12.75
80,Isugod,62,PH,1562133574,74,9.34,118.12,85.7,13.76
81,Cabo San Lucas,5,MX,1562133575,69,22.89,-109.91,75.2,8.05
82,Merano,75,IT,1562133576,77,46.67,11.16,69.01,3.36
83,Natal,75,BR,1562133578,94,-5.81,-35.21,73.4,5.82
84,Dickson,23,US,1562133401,88,36.08,-87.39,78.8,3.94
85,Tasiilaq,100,GL,1562133580,76,65.61,-37.64,41.24,13.2
86,Bathsheba,20,BB,1562133581,74,13.22,-59.52,80.6,16.11
87,Zaraza,73,VE,1562133582,95,9.35,-65.33,71.3,5.66
88,Poum,0,MK,1562133584,60,41.28,20.71,69.8,1.41
89,Turukhansk,0,RU,1562133585,45,65.8,87.96,83.9,8.43
90,Jamestown,9,AU,1562133352,64,-33.21,138.6,57.8,8.84
91,Longyearbyen,75,NO,1562133587,75,78.22,15.63,42.8,16.11
92,Roebourne,0,AU,1562133588,17,-20.77,117.15,84.62,13.02
93,Haimen,88,CN,1562133589,54,31.87,121.18,91.0,9.1
94,Khasan,19,RU,1562133591,67,42.43,130.64,74.36,9.69
95,Okoneshnikovo,100,RU,1562133592,79,54.84,75.08,63.56,9.26
96,Presidencia Roque Saenz Pena,55,AR,1562133593,72,-26.79,-60.44,52.76,13.71
97,Coventry,0,GB,1562133594,87,52.41,-1.51,55.0,5.82
98,Zhuhai,0,CN,1562133596,23,40.71,112.04,82.4,4.47
99,Vila do Maio,40,CV,1562133597,78,15.13,-23.22,75.2,12.75
100,Laguna,75,BZ,1562133598,83,16.17,-88.94,82.4,2.42
101,Bambous Virieux,75,MU,1562133599,94,-20.34,57.76,71.01,3.36
102,Kozhva,96,RU,1562133601,39,65.11,57.05,77.06,14.36
103,Port Moresby,40,PG,1562133602,83,-9.47,147.16,78.8,23.04
104,Areosa,75,PT,1562133603,100,41.72,-8.86,64.99,9.17
105,Nanortalik,0,GL,1562133604,83,60.14,-45.24,38.18,6.2
106,San Carlos de Bariloche,75,AR,1562133605,87,-41.13,-71.31,35.6,11.41
107,Touros,90,BR,1562133607,100,-5.2,-35.46,73.4,4.7
108,Chumikan,88,RU,1562133608,62,54.72,135.31,65.9,7.31
109,Honiara,40,SB,1562133609,70,-9.43,159.96,87.8,8.05
110,Ucluelet,3,CA,1562133607,92,48.94,-125.55,57.99,11.01
111,Bethel,90,US,1562133611,82,60.79,-161.76,57.2,26.4
112,La Palma,95,CO,1562133613,98,5.36,-74.39,67.16,1.63
113,Cabedelo,75,BR,1562133614,100,-6.97,-34.84,73.4,3.36
114,Yumen,58,CN,1562133615,11,40.29,97.04,94.52,11.1
115,Bubaque,90,GW,1562133616,87,11.28,-15.83,79.76,12.46
116,Simbahan,100,PH,1562133618,79,6.3,120.58,81.56,13.8
117,Sandwick,16,GB,1562133619,86,54.57,-2.89,52.0,3.31
118,Kodiak,1,US,1562133620,57,39.95,-94.76,80.01,4.7
119,Valle Hermoso,75,MX,1562133621,83,25.67,-97.82,82.4,9.17
120,Beidao,100,CN,1562133622,46,34.57,105.89,72.2,4.38
121,Glenwood Springs,75,US,1562133624,67,39.55,-107.33,75.2,10.29
122,Narsaq,40,GL,1562133625,81,60.91,-46.05,44.6,4.7
123,Port Hedland,75,AU,1562133626,20,-20.31,118.58,84.2,11.41
124,Sabha,0,LY,1562133627,22,27.03,14.43,83.36,19.08
125,Albina,66,GF,1562133628,99,5.5,-54.06,71.3,1.81
126,Williams Lake,20,CA,1562133630,31,52.13,-122.14,64.4,3.36
127,Khatanga,100,RU,1562133631,47,71.98,102.47,60.86,9.06
128,Erenhot,1,CN,1562133632,16,43.65,111.97,84.8,7.74
129,Kavieng,29,PG,1562133633,77,-2.57,150.8,83.0,11.45
130,Husavik,9,CA,1562133634,59,50.56,-96.99,61.0,9.08
131,Altay,19,CN,1562133636,30,47.83,88.13,66.8,8.21
132,Portland,1,US,1562133612,77,43.66,-70.25,66.99,3.36
133,Dikson,100,RU,1562133638,88,73.51,80.55,38.36,14.27
134,Moose Jaw,5,CA,1562133639,87,50.4,-105.54,50.0,8.05
135,Jefferson City,1,US,1562133528,83,38.58,-92.17,78.01,5.82
136,East London,0,ZA,1562133641,36,-33.02,27.91,62.6,10.29
137,Aksarka,0,RU,1562133643,39,66.56,67.8,81.56,14.61
138,Banda Aceh,99,ID,1562133644,74,5.56,95.32,84.44,17.49
139,Moranbah,17,AU,1562133645,43,-22.0,148.04,73.46,13.56
140,Playa Vicente,100,MX,1562133646,94,17.83,-95.81,75.98,2.37
141,Alice Springs,0,AU,1562133647,17,-23.7,133.88,66.2,11.41
142,Airai,87,TL,1562133649,48,-8.93,125.41,85.88,3.6
143,Thompson,75,CA,1562133650,87,55.74,-97.86,51.8,14.99
144,Saint-Philippe,1,CA,1562133651,93,45.36,-73.48,72.0,4.88
145,Soe,63,EE,1562133652,93,57.91,26.05,53.6,14.99
146,Dauphin,1,CA,1562133654,67,51.15,-100.04,59.0,11.41
147,Aykhal,0,RU,1562133655,43,65.95,111.51,55.4,6.71
148,Roald,75,NO,1562133656,81,62.58,6.12,46.4,13.87
149,Tingi,0,TZ,1562133657,69,-11.3,35.03,67.88,5.46
150,Puerto Ayora,0,EC,1562133658,97,-0.74,-90.35,69.01,1.01
151,Fitii,100,PF,1562133660,74,-16.73,-151.03,76.7,33.49
152,Novo Aripuana,88,BR,1562133661,88,-5.12,-60.38,74.54,3.38
153,Daru,97,PG,1562133662,81,-9.07,143.21,76.52,9.37
154,Teguldet,9,RU,1562133663,39,57.31,88.17,91.1,2.13
155,Torbay,90,CA,1562133610,100,47.66,-52.73,60.01,9.17
156,Fier,0,AL,1562133666,63,40.73,19.56,78.32,6.71
157,Rio Gallegos,75,AR,1562133667,100,-51.62,-69.22,28.4,2.24
158,Muromtsevo,96,RU,1562133668,57,56.37,75.24,74.36,8.23
159,Nikolskoye,75,RU,1562133669,77,59.7,30.79,66.0,8.95
160,Lata,1,IN,1562133670,68,30.78,78.62,55.82,9.51
161,Biak,82,ID,1562133672,98,-0.91,122.88,66.08,0.47
162,Port-Cartier,20,CA,1562133673,93,50.03,-66.88,52.0,5.82
163,Warri,100,NG,1562133538,93,5.52,5.75,76.16,7.2
164,Acapulco,20,MX,1562133675,79,16.86,-99.88,84.2,4.7
165,Coihaique,90,CL,1562133676,99,-45.58,-72.07,32.0,3.36
166,Qaqortoq,40,GL,1562133678,81,60.72,-46.03,44.6,4.7
167,Swellendam,51,ZA,1562133679,82,-34.02,20.44,57.2,8.05
168,Sitka,73,US,1562133680,91,37.17,-99.65,70.0,5.01
169,Lebu,100,ET,1562133627,85,8.96,38.73,57.8,3.13
170,Qaanaaq,0,GL,1562133682,54,77.48,-69.36,43.58,5.06
171,Souillac,0,FR,1562133684,64,45.6,-0.6,68.0,10.29
172,College,90,US,1562133685,43,64.86,-147.8,69.8,5.82
173,Anzio,0,IT,1562133686,53,41.45,12.63,81.0,1.12
174,Kununurra,20,AU,1562133687,14,-15.77,128.74,86.0,9.17
175,Praid,0,RO,1562133688,83,46.55,25.12,73.4,1.12
176,Tual,74,ID,1562133690,80,-5.67,132.75,78.14,19.1
177,Ahuimanu,75,US,1562133691,83,21.44,-157.84,82.4,6.93
178,Evensk,95,RU,1562133692,86,61.92,159.24,50.42,11.74
179,Upernavik,85,GL,1562133693,80,72.79,-56.15,39.8,8.95
180,Tigil,59,RU,1562133694,57,57.8,158.67,60.14,12.28
181,Esmeraldas,0,BR,1562133644,76,-19.76,-44.31,59.0,2.24
182,Boa Vista,75,BR,1562133697,88,2.82,-60.67,75.2,3.36
183,Necochea,80,AR,1562133698,71,-38.55,-58.74,43.58,16.11
184,Kudahuvadhoo,100,MV,1562133699,71,2.67,72.89,83.72,8.41
185,Bismil,0,TR,1562133700,22,37.85,40.66,86.0,5.82
186,Provideniya,90,RU,1562133702,93,64.42,-173.23,46.4,8.95
187,Saint-Germain-en-Laye,0,FR,1562133703,67,48.9,2.09,61.0,12.75
188,Ancud,90,CL,1562133704,100,-41.87,-73.83,41.0,8.05
189,Kenora,20,CA,1562133705,55,49.76,-94.48,69.8,8.05
190,Talnakh,0,RU,1562133706,36,69.49,88.39,80.6,13.42
191,Salem,90,US,1562133606,59,44.94,-123.03,63.0,6.93
192,Constitucion,100,MX,1562133709,66,23.99,-104.67,62.01,11.01
193,Wanaka,41,NZ,1562133710,90,-44.7,169.14,33.86,6.17
194,Pevek,28,RU,1562133711,97,69.7,170.27,34.94,15.01
195,Alofi,62,NU,1562133528,94,-19.06,-169.92,71.6,14.99
196,Muyezerskiy,0,RU,1562133714,63,63.93,31.65,60.86,7.25
197,Ranot,100,TH,1562133715,55,7.78,100.32,90.74,14.61
198,Urdoma,90,RU,1562133716,84,61.74,48.55,64.28,3.24
199,Haines Junction,100,CA,1562133717,92,60.75,-137.51,53.48,3.78
200,Chicama,90,PE,1562133718,93,-7.84,-79.15,62.6,8.05
201,Sorland,75,NO,1562133720,87,67.67,12.69,46.4,6.93
202,Clyde River,90,CA,1562133721,86,70.47,-68.59,32.0,12.75
203,Saskylakh,53,RU,1562133722,46,71.97,114.09,55.64,2.28
204,Bagotville,40,AU,1562133723,64,-28.98,153.42,69.8,14.99
205,Sabzevar,0,IR,1562133724,31,36.21,57.68,77.0,25.28
206,Derzhavinsk,99,KZ,1562133726,88,51.1,66.31,55.64,20.13
207,Samarai,95,PG,1562133727,82,-10.62,150.67,74.72,7.23
208,Ponta Delgada,75,PT,1562133605,94,37.73,-25.67,68.0,4.7
209,Padang,100,ID,1562133729,74,-0.92,100.36,82.82,6.44
210,Bousse,0,FR,1562133730,62,49.28,6.2,64.99,5.82
211,Mehamn,90,NO,1562133732,100,71.03,27.85,46.4,12.75
212,Tuktoyaktuk,75,CA,1562133733,87,69.44,-133.03,46.4,13.87
213,Komsomolskiy,0,RU,1562133734,35,67.55,63.78,78.68,15.79
214,Ciudad Bolivar,51,VE,1562133735,79,8.12,-63.55,75.44,8.46
215,Saldanha,4,PT,1562133736,76,41.42,-6.55,64.1,4.54
216,Aitape,94,PG,1562133738,80,-3.15,142.36,81.56,6.42
217,Faanui,100,PF,1562133739,74,-16.48,-151.75,77.42,35.57
218,Franklin Park,90,US,1562133740,100,41.94,-87.87,73.99,9.17
219,Zhigansk,73,RU,1562133741,48,66.77,123.37,56.54,23.96
220,Lompoc,1,US,1562133742,93,34.64,-120.46,57.2,18.59
221,Laela,0,TZ,1562133744,72,-8.57,32.05,61.04,4.76
222,Hobyo,29,SO,1562133745,48,5.35,48.53,83.9,21.81
223,Pangnirtung,77,CA,1562133746,82,66.15,-65.72,45.2,1.79
224,Mar del Plata,99,AR,1562133747,90,-46.43,-67.52,30.98,10.98
225,Camacupa,36,AO,1562133748,49,-12.02,17.48,48.62,3.89
226,La Gomera,78,GT,1562133750,83,14.09,-91.05,79.4,4.72
227,Palana,17,RU,1562133751,89,59.08,159.95,46.82,14.83
228,Lensk,3,RU,1562133752,34,60.71,114.91,63.56,11.14
229,Maragogi,17,BR,1562133753,95,-9.01,-35.22,70.04,2.19
230,Inuvik,20,CA,1562133754,62,68.36,-133.71,57.2,6.93
231,Bismarck,75,US,1562133610,100,46.81,-100.78,64.4,11.41
232,Dongli,75,CN,1562133757,79,24.18,117.61,86.0,11.18
233,Puerto Escondido,100,MX,1562133758,77,15.86,-97.07,78.14,3.22
234,Ardatov,0,RU,1562133759,56,55.24,43.1,68.06,8.48
235,Barranca,82,PE,1562133760,84,-10.75,-77.76,62.48,18.95
236,Arman,55,RU,1562133762,63,59.7,150.17,61.04,8.59
237,Iqaluit,20,CA,1562133763,80,63.75,-68.52,39.2,11.43
238,Burnie,1,AU,1562133764,54,-41.05,145.91,52.0,2.82
239,Sena Madureira,0,BR,1562133765,82,-9.07,-68.66,70.76,3.09
240,Alta Floresta,0,BR,1562133767,72,-9.87,-56.08,67.88,1.21
241,Cap Malheureux,75,MU,1562133768,94,-19.98,57.61,71.01,3.36
242,Porto Novo,20,BR,1562133769,93,-23.68,-45.44,57.2,14.34
243,Hasaki,75,JP,1562133579,83,35.73,140.83,80.01,6.93
244,Nador,0,MA,1562133603,77,35.17,-2.93,69.8,8.05
245,Cherskiy,75,RU,1562133772,61,68.75,161.3,48.8,18.19
246,Marathon,0,CA,1562133774,81,48.72,-86.38,51.5,5.7
247,Kijang,75,KR,1562133775,78,35.24,129.21,77.0,9.17
248,Peterhead,75,AU,1562133776,58,-34.83,138.5,62.01,3.36
249,Lhokseumawe,100,ID,1562133777,45,5.18,97.15,87.68,4.25
250,Hithadhoo,53,MV,1562133593,76,-0.6,73.08,83.9,12.06
251,Taiyuan,20,CN,1562133780,21,37.86,112.56,95.0,2.24
252,La Rioja,0,AR,1562133494,65,-29.41,-66.86,40.16,3.44
253,Sobolevo,15,RU,1562133782,82,54.43,31.9,54.2,16.15
254,Amberley,50,NZ,1562133783,44,-43.15,172.73,59.0,8.05
255,Vao,100,EE,1562133784,86,59.1,26.19,50.42,12.5
256,San Policarpo,83,PH,1562133786,63,12.18,125.51,86.24,5.75
257,Saint-Augustin,5,CA,1562133787,88,45.63,-73.98,71.01,3.36
258,Tura,34,RU,1562133788,23,64.27,100.22,72.56,8.37
259,Qidong,96,CN,1562133789,67,31.81,121.66,84.99,3.0
260,Port Blair,100,IN,1562133790,81,11.67,92.75,83.9,22.55
261,Mizdah,0,LY,1562133792,58,31.45,12.98,72.02,10.89
262,Raudeberg,40,NO,1562133793,81,61.99,5.14,46.0,8.05
263,Yulara,0,AU,1562133794,18,-25.24,130.99,71.6,9.17
264,Walvis Bay,0,NA,1562133795,25,-22.95,14.51,62.6,8.05
265,Kaputa,0,ZM,1562133797,49,-8.47,29.66,68.96,6.87
266,Yaan,100,NG,1562133798,95,7.38,8.57,74.36,6.06
267,Chapais,1,CA,1562133799,93,49.78,-74.86,51.8,3.36
268,Pinczow,9,PL,1562133800,57,50.52,20.53,64.0,3.0
269,Leopold,90,US,1562133801,100,38.1,-86.58,73.99,5.88
270,Karasburg,0,NA,1562133803,41,-28.01,18.75,44.3,4.12
271,Ponta do Sol,10,BR,1562133804,65,-20.63,-46.0,59.6,3.69
272,Bandrele,40,YT,1562133805,74,-12.91,45.19,82.4,18.34
273,Batagay,97,RU,1562133806,54,67.65,134.64,53.66,17.0
274,Lagoa,0,PT,1562133807,82,37.14,-8.45,64.0,2.24
275,Antofagasta,90,CL,1562133775,71,-23.65,-70.4,57.2,1.12
276,Carlisle,12,GB,1562133810,100,54.89,-2.94,52.0,1.05
277,Meulaboh,100,ID,1562133811,70,4.14,96.13,83.36,3.62
278,Sechura,35,PE,1562133812,88,-5.56,-80.82,64.1,9.19
279,Coahuayana,63,MX,1562133813,80,18.62,-100.35,73.64,2.89
280,Victoria,75,BN,1562133585,52,5.28,115.24,93.0,3.36
281,Dali,100,CN,1562133816,20,34.79,109.94,94.7,7.47
282,Tilichiki,59,RU,1562133817,63,60.47,166.1,59.06,11.63
283,Lorengau,18,PG,1562133818,80,-2.02,147.27,81.56,6.06
284,Gamba,14,CN,1562133819,31,28.28,88.52,59.78,5.19
285,Ngora,36,UG,1562133821,78,1.46,33.78,70.76,5.57
286,Menongue,0,AO,1562133822,50,-14.66,17.68,44.48,4.76
287,Marzuq,35,YE,1562133823,20,14.4,46.47,89.48,2.35
288,Alenquer,0,BR,1562133824,94,-1.95,-54.74,75.2,2.24
289,Caravelas,0,BR,1562133825,89,-17.73,-39.27,71.84,10.38
290,Vestmannaeyjar,100,IS,1562133827,97,63.44,-20.27,51.86,24.07
291,Prince Rupert,90,CA,1562133813,93,54.32,-130.32,55.4,5.82
292,Barcelos,88,BR,1562133829,98,-0.97,-62.93,72.38,2.01
293,Senj,0,HR,1562133830,60,45.35,13.91,80.6,8.05
294,Kuching,75,MY,1562133831,63,1.56,110.34,93.2,3.36
295,Tabou,100,CI,1562133833,95,4.42,-7.36,73.64,4.38
296,Vagur,89,FO,1562133692,87,61.47,-6.81,48.8,16.89
297,Vitim,6,RU,1562133835,27,59.44,112.57,69.5,11.52
298,Vila Velha,75,BR,1562133836,78,-3.71,-38.6,78.8,10.29
299,Dobryanka,75,RU,1562133837,100,58.45,56.42,62.6,8.95
300,Vanavara,33,RU,1562133838,34,60.35,102.28,77.06,10.54
301,Lalibela,24,ET,1562133840,51,12.04,39.05,68.96,3.78
302,Petauke,4,ZM,1562133841,61,-14.25,31.33,69.32,14.63
303,Karpathos,0,GR,1562133842,69,35.51,27.21,77.0,18.34
304,Amapa,20,HN,1562133843,83,15.09,-87.97,82.4,5.82
305,Shache,0,CN,1562133844,14,38.42,77.24,96.14,11.65
306,Namibe,0,AO,1562133846,82,-15.19,12.15,69.14,8.01
307,San Cristobal,12,HN,1562133847,92,14.68,-86.92,64.64,3.65
308,Smithers,75,CA,1562133848,60,54.78,-127.17,68.0,3.76
309,Xining,100,CN,1562133849,72,36.62,101.77,53.84,4.43
310,Gotsu,75,JP,1562133851,88,35.01,132.22,73.4,4.7
311,Nouadhibou,0,MR,1562133852,88,20.93,-17.03,66.2,10.29
312,Abu Dhabi,0,AE,1562133853,27,24.47,54.37,100.4,4.7
313,Batangafo,97,CF,1562133854,89,7.3,18.29,71.84,1.48
314,Mananjary,0,MG,1562133855,49,-19.16,46.8,66.62,2.24
315,Klaksvik,28,FO,1562133857,93,62.23,-6.59,46.4,5.82
316,Den Helder,20,NL,1562133596,72,52.96,4.76,62.01,6.93
317,Fort Nelson,75,CA,1562133859,59,58.81,-122.69,60.8,4.7
318,George Town,75,MY,1562133860,70,5.42,100.33,89.6,5.82
319,Fairbanks,90,US,1562133619,43,64.84,-147.72,69.8,5.82
320,Rock Sound,25,BS,1562133862,75,24.9,-76.2,82.46,4.61
321,Ukiah,1,US,1562133864,48,39.15,-123.21,66.2,11.41
322,Bijar,0,IR,1562133865,39,35.87,47.6,68.06,11.01
323,Bemidji,1,US,1562133725,82,47.48,-94.89,70.0,2.57
324,Luwuk,82,ID,1562133867,98,-0.95,122.79,66.08,0.47
325,Muisne,66,EC,1562133746,85,0.61,-80.02,74.54,10.74
326,Gunjur,75,GM,1562133869,88,13.18,-16.76,75.2,4.7
327,Vardo,1,US,1562133871,94,39.62,-77.74,75.2,2.46
328,Zhanaozen,0,KZ,1562133872,34,43.35,52.85,82.46,16.08
329,Baiyin,20,CN,1562133873,56,36.55,104.13,71.6,6.71
330,Vostok,70,RU,1562133874,80,46.45,135.83,70.4,3.78
331,Ambon,0,FR,1562133875,82,47.55,-2.56,63.0,13.87
332,Seoul,75,KR,1562133666,51,37.57,126.98,86.0,3.36
333,Nabire,97,ID,1562133878,93,-3.36,135.5,76.88,2.98
334,Valley,0,DE,1562133882,72,47.9,11.78,64.0,6.93
335,Jizan,20,SA,1562133883,59,16.89,42.56,95.0,4.7
336,Dudinka,0,RU,1562133884,36,69.41,86.18,80.6,13.42
337,Vila Franca do Campo,75,PT,1562133886,94,37.72,-25.43,68.0,4.7
338,North Bend,40,US,1562133887,93,43.41,-124.22,57.2,9.17
339,Kapuskasing,5,CA,1562133888,72,49.42,-82.43,64.4,5.82
340,Mikkeli,90,FI,1562133889,100,61.69,27.27,52.0,5.82
341,Kalmunai,97,LK,1562133891,34,7.42,81.82,98.3,2.68
342,Akom,48,CM,1562133892,99,2.67,12.71,67.88,3.18
343,Sao Desiderio,0,BR,1562133893,58,-12.36,-44.97,61.22,3.51
344,Kolokani,90,ML,1562133894,73,13.58,-8.03,75.26,3.15
345,Crotone,0,IT,1562133895,41,39.09,17.12,83.18,1.79
346,Mlonggo,20,ID,1562133897,43,-6.53,110.7,91.4,10.29
347,Turayf,0,SA,1562133898,46,31.68,38.65,71.6,5.82
348,Puerto Madryn,53,AR,1562133633,80,-42.77,-65.04,35.66,13.11
349,Filingue,100,NE,1562133900,36,14.35,3.32,89.66,9.06
350,Westport,1,US,1562133901,94,41.14,-73.36,77.0,3.36
351,Zakamensk,60,RU,1562133903,41,50.38,103.29,78.32,11.59
352,Psedakh,0,RU,1562133904,64,43.47,44.57,73.4,2.24
353,Empalme,46,MX,1562133905,65,27.96,-110.81,84.0,5.01
354,Taksimo,100,RU,1562133906,45,56.36,114.84,67.16,13.85
355,Midland,1,US,1562133908,61,32.0,-102.08,82.0,13.87
356,Dvinskoy,100,RU,1562133909,75,62.16,45.12,59.96,2.51
357,Antibes,0,FR,1562133910,44,43.58,7.11,80.01,8.05
358,Bontang,94,ID,1562133911,82,0.12,117.47,84.8,3.38
359,Atikokan,2,CA,1562133912,92,48.76,-91.62,61.76,5.48
360,Batemans Bay,6,AU,1562133914,71,-35.71,150.18,60.01,1.99
361,Namatanai,75,PG,1562133915,83,-3.66,152.44,79.76,14.52
362,Nanzhou,39,CN,1562133916,58,29.37,112.41,90.2,8.25
363,El Porvenir,20,HN,1562133917,94,15.75,-86.9,78.8,2.24
364,Nortelandia,0,BR,1562133919,61,-14.45,-56.8,67.88,5.59
365,Mnogovershinnyy,72,RU,1562133920,50,53.94,139.92,69.14,13.11
366,Quatre Cocos,75,MU,1562133921,94,-20.21,57.76,71.01,3.36
367,Kavaratti,40,IN,1562133922,79,10.57,72.64,86.0,9.17
368,Wairoa,96,NZ,1562133924,61,-39.04,177.43,64.0,8.01
369,Katsuura,75,JP,1562133925,94,33.93,134.5,75.99,6.93
370,Kropotkin,0,RU,1562133926,50,45.43,40.58,77.96,7.43
371,Margate,75,AU,1562133927,62,-43.03,147.26,55.4,3.36
372,Kholodnyy,99,RU,1562133928,55,62.72,147.95,60.14,17.49
373,Qandala,74,SO,1562133930,50,11.47,49.87,92.0,18.84
374,Fortuna,75,US,1562133931,93,40.6,-124.16,59.0,9.17
375,Huarmey,100,PE,1562133932,87,-10.07,-78.15,62.48,20.71
376,Quezada,20,GT,1562133933,82,14.27,-90.04,66.2,13.87
377,Luderitz,0,NA,1562133935,76,-26.65,15.16,51.8,4.7
378,Maniitsoq,35,GL,1562133936,84,65.42,-52.9,40.34,13.78
379,San Patricio,83,PY,1562133937,90,-26.98,-56.83,52.94,6.76
380,Olinda,75,AU,1562133938,71,-37.84,145.39,57.99,10.29
381,Zhezkazgan,75,KZ,1562133939,40,47.8,67.71,69.8,26.84
382,Igrim,0,RU,1562133941,36,63.19,64.42,82.1,13.65
383,Pemberton,0,AU,1562133942,51,-34.44,116.03,68.0,7.0
384,Kempsey,11,AU,1562133943,67,-31.08,152.84,69.01,3.0
385,Sacramento,1,US,1562133692,53,38.58,-121.49,73.99,11.41
386,Upata,62,VE,1562133945,90,8.02,-62.41,75.0,3.0
387,Deputatskiy,100,RU,1562133947,71,69.3,139.9,45.2,9.66
388,Champerico,75,MX,1562133948,83,16.38,-93.6,77.0,1.54
389,Brae,20,GB,1562133949,81,60.4,-1.35,50.0,14.99
390,Washim,100,IN,1562133950,86,20.1,77.14,75.26,12.55
391,Dalbandin,0,PK,1562133951,23,28.9,64.41,96.5,9.82
392,Iki-Burul,0,RU,1562133953,42,45.82,44.65,82.4,15.66
393,Elizabeth City,1,US,1562133664,78,36.3,-76.22,81.0,5.82
394,Shenjiamen,100,CN,1562133955,94,29.96,122.3,75.62,8.97
395,Santa Rosalia,0,IT,1562133956,78,38.07,13.27,82.0,4.7
396,Muros,90,ES,1562133957,87,42.77,-9.06,66.99,5.82
397,Terrace,75,CA,1562133959,56,54.52,-128.61,71.6,24.16
398,Trairi,9,BR,1562133960,92,-3.28,-39.27,70.94,3.71
399,Tornio,75,FI,1562133961,87,61.12,27.27,55.99,10.29
400,Kenai,1,US,1562133919,72,60.55,-151.26,66.99,6.93
401,Saint-Francois,0,FR,1562133963,77,46.42,3.91,63.0,3.36
402,Danjiangkou,76,CN,1562133965,27,32.54,111.51,84.99,5.41
403,Christchurch,50,NZ,1562133966,44,-43.53,172.64,59.0,8.05
404,Valparaiso,1,US,1562133720,60,41.47,-87.06,73.0,4.85
405,Itarema,4,BR,1562133968,94,-2.92,-39.92,71.66,4.52
406,Tallahassee,1,US,1562133680,83,30.44,-84.28,79.0,5.32
407,Deogarh,100,IN,1562133971,84,21.53,84.72,78.32,7.9
408,Ko Samui,20,TH,1562133972,66,9.54,99.94,87.8,9.17
409,San Jose,1,HN,1562133741,78,14.25,-87.96,75.2,4.7
410,San Pedro de Ycuamandiyu,95,PY,1562133974,79,-24.09,-57.08,66.62,6.04
411,Capitao Poco,52,BR,1562133975,98,-1.75,-47.06,71.66,3.53
412,Kankon,90,IN,1562133976,83,15.02,74.02,80.6,11.41
413,Plettenberg Bay,53,ZA,1562133860,56,-34.05,23.37,56.18,4.5
414,Tulun,0,RU,1562133979,57,54.56,100.58,76.52,8.08
415,Mandalgovi,65,MN,1562133980,16,45.76,106.27,88.76,19.1
416,Cidreira,66,BR,1562133981,68,-30.17,-50.22,55.46,8.68
417,Leningradskiy,98,RU,1562133983,95,69.38,178.42,36.92,6.87
418,Kluczbork,0,PL,1562133984,47,50.97,18.21,57.99,6.96
419,Shebunino,75,RU,1562133985,77,57.66,40.04,62.6,8.95
420,Victoria,75,BN,1562133926,52,5.28,115.24,91.4,3.36
421,Inhambane,20,MZ,1562133987,93,-23.87,35.38,66.2,2.46
422,Pontal do Parana,0,BR,1562133988,82,-25.67,-48.51,66.99,14.99
423,Timmins,20,CA,1562133990,93,48.48,-81.33,57.2,5.88
424,Eyl,55,SO,1562133991,42,7.98,49.82,84.44,32.64
425,Coquimbo,0,CL,1562133992,87,-29.95,-71.34,46.0,4.7
426,Rupnagar,0,IN,1562133993,16,30.97,76.53,109.1,3.83
427,Atambua,97,ID,1562133994,70,-9.11,124.89,81.38,4.25
428,Berlevag,90,NO,1562133996,100,70.86,29.09,46.4,4.7
429,Palmer,75,AU,1562133997,58,-34.85,139.16,62.01,3.36
430,Mazagao,75,BR,1562133998,100,-0.12,-51.29,77.0,2.24
431,Atherton,90,AU,1562133999,57,-17.27,145.48,75.99,14.99
432,Marsa Matruh,0,EG,1562134000,88,31.35,27.25,75.2,6.93
433,Jiuquan,38,CN,1562134002,11,39.73,98.49,90.92,16.78
434,Pachino,0,IT,1562134003,64,36.72,15.09,78.01,2.24
435,Ashqelon,20,IL,1562134004,69,31.67,34.57,84.0,5.82
436,Buala,10,SB,1562134005,80,-8.15,159.59,81.38,8.46
437,Jaciara,0,BR,1562134007,55,-15.95,-54.98,65.36,3.89
438,Polyarnyy,75,RU,1562134008,93,69.2,33.45,53.6,4.47
439,Malaya Purga,0,RU,1562134009,72,56.55,53.01,70.0,4.0
440,Miguel Hidalgo,90,MX,1562133838,87,19.41,-99.19,57.2,4.7
441,Afua,100,NG,1562134012,95,5.27,7.87,74.36,3.6
442,Malabor,0,PH,1562134013,67,11.27,122.05,84.08,5.99
443,Jonesboro,1,US,1562134014,100,35.84,-90.7,75.2,5.82
444,Jian,46,IN,1562134015,48,25.65,87.89,97.04,15.14
445,Sola,0,TZ,1562134016,51,-3.17,33.8,71.84,7.05
446,Jiazi,75,CN,1562134018,74,19.61,110.49,86.0,17.9
447,Gandajika,5,CD,1562134019,41,-6.75,23.95,69.32,7.47
448,Carmo do Rio Claro,40,BR,1562134020,73,-20.97,-46.12,57.26,3.58
449,Kherson,0,UA,1562134021,54,46.64,32.61,80.6,11.18
450,Conceicao do Araguaia,1,BR,1562134022,75,-8.26,-49.26,69.68,1.77
451,Severo-Kurilsk,100,RU,1562134024,97,50.68,156.12,43.22,8.43
452,Saint George,0,GR,1562134025,44,39.45,22.34,82.0,1.97
453,Ambatofinandrahana,0,MG,1562134026,47,-20.55,46.8,63.2,3.67
454,Xai-Xai,0,MZ,1562134027,83,-25.04,33.64,61.58,3.31
455,Am Timan,100,TD,1562134029,85,11.04,20.28,74.54,1.77
456,Changji,100,CN,1562134030,49,32.07,116.17,88.94,8.57
457,Khilok,12,RU,1562134031,24,51.36,110.46,85.7,5.14
458,Penhold,75,CA,1562134032,76,52.13,-113.87,50.0,3.36
459,Kamaishi,75,JP,1562134033,54,39.28,141.86,80.6,11.41
460,Manzhouli,15,CN,1562134035,27,49.6,117.43,84.08,10.58
461,Topeka,1,US,1562133885,88,39.05,-95.68,79.0,5.82
462,Atar,0,MR,1562134037,24,20.52,-13.05,87.5,14.34
463,Carahue,90,CL,1562134038,93,-38.71,-73.16,44.6,5.82
464,Grand Gaube,75,MU,1562134014,94,-20.01,57.66,71.01,3.36
465,Takoradi,93,GH,1562134040,94,4.89,-1.75,75.44,3.69
466,Hambantota,75,LK,1562134042,84,6.12,81.12,86.0,11.41
467,Loreto,86,PY,1562134043,77,-23.27,-57.32,68.06,5.14
468,Owando,88,CG,1562134044,85,-0.49,15.91,73.82,4.03
469,Miri,100,NG,1562134045,87,10.31,9.75,72.56,2.71
470,Areia Branca,20,BR,1562134047,100,-10.76,-37.31,69.8,3.36
471,Bandarbeyla,89,SO,1562134048,34,9.49,50.81,88.94,30.89
472,Buraydah,0,SA,1562134049,33,26.33,43.97,87.8,12.75
473,Tortoli,5,IT,1562134050,73,39.93,9.66,71.6,6.93
474,Mount Isa,0,AU,1562134051,19,-20.73,139.49,75.2,5.82
475,Sampit,50,ID,1562133864,83,-2.54,112.95,85.34,4.76
476,Jinchang,100,CN,1562134054,28,38.52,102.19,78.14,8.66
477,Westhoughton,20,GB,1562134055,87,53.55,-2.52,57.99,2.24
478,Zyryanovsk,68,KZ,1562133786,63,49.74,84.27,65.36,5.19
479,Kutiyana,99,IN,1562134057,82,21.62,69.99,83.0,8.03
480,Tuatapere,86,NZ,1562134059,76,-46.13,167.69,48.0,7.0
481,Belaya Gora,93,RU,1562134060,50,68.54,146.19,59.6,14.18
482,Sambava,34,MG,1562134061,70,-14.27,50.17,75.62,4.09
483,Rocha,0,UY,1562134062,67,-34.48,-54.34,42.32,13.65
484,Koulamoutou,96,GA,1562134064,94,-1.13,12.47,68.6,1.9
485,Whitehorse,90,CA,1562133944,72,60.72,-135.06,64.4,2.24
486,Huron,1,US,1562134066,78,44.36,-98.21,75.2,6.93
487,Casablanca,75,MA,1562134067,72,33.6,-7.62,68.0,6.93
488,Fare,100,PF,1562134069,74,-16.7,-151.02,76.7,33.49
489,Pravia,75,ES,1562134070,100,43.49,-6.11,64.0,2.24
490,Moroni,0,GR,1562134071,60,35.09,24.92,80.01,6.93
491,Varhaug,75,NO,1562134072,66,58.61,5.65,51.8,17.22
492,Tiznit,0,MA,1562133989,91,29.7,-9.73,65.36,8.9
493,Oussouye,94,SN,1562134075,87,12.49,-16.54,77.42,9.8
494,Sitangkai,100,PH,1562134076,91,4.66,119.39,77.6,19.82
495,Saryagash,0,KZ,1562134077,39,41.45,69.17,80.6,4.7
496,Chabahar,15,IR,1562134078,52,25.29,60.65,93.26,8.95
497,Pointe Michel,100,DM,1562134080,79,15.25,-61.38,77.42,6.71
498,Novaya Zaimka,99,RU,1562134081,92,56.49,66.92,61.22,8.3
499,Hornepayne,0,CA,1562134082,64,49.22,-84.78,59.42,8.68
500,Soure,90,PT,1562134083,100,40.06,-8.63,64.0,3.36
501,Nemuro,75,JP,1562134084,77,43.32,145.57,62.6,11.41
502,Santiago,100,PH,1562134024,58,16.69,121.54,90.56,2.77
503,Esperance,40,AU,1562134087,52,-33.86,121.89,66.2,13.87
504,La Ronge,20,CA,1562134088,81,55.1,-105.3,48.2,11.41
505,Anakapalle,75,IN,1562134089,55,17.69,83.0,91.4,19.46
506,Birobidzhan,90,RU,1562134090,93,48.79,132.93,66.8,3.31
507,Puerto Colombia,40,CO,1562134092,83,10.99,-74.96,80.6,6.93
508,Cururupu,46,BR,1562134093,99,-1.82,-44.87,72.74,1.74
509,Ngunguru,63,NZ,1562134094,94,-35.62,174.5,62.01,5.01
510,Illela,81,NG,1562134095,68,12.25,4.3,82.1,7.72
511,Burgas,0,BG,1562134096,78,42.49,27.45,73.0,5.82
512,Biltine,84,TD,1562134098,59,14.53,20.93,81.38,13.87
513,Vallenar,0,CL,1562134099,80,-28.58,-70.76,43.22,0.83
514,Marawi,94,PH,1562134100,80,8.0,124.29,82.99,7.0
515,Bahir Dar,60,ET,1562134101,77,11.59,37.39,67.88,1.25
516,Sibolga,100,ID,1562134102,71,1.74,98.78,82.46,2.64
517,Labuhan,45,ID,1562134104,36,-2.54,115.51,95.42,2.51
518,Fort Smith,1,US,1562134105,94,35.39,-94.42,78.8,2.08
519,Raduzhnyy,0,RU,1562134106,35,62.1,77.47,86.96,14.07
520,Saint Anthony,1,US,1562134107,42,43.97,-111.68,68.0,8.05
521,Anadyr,75,RU,1562133837,59,64.73,177.51,64.4,2.24
522,Concarneau,0,FR,1562134110,82,47.88,-3.92,62.01,9.17
523,Ballina,20,IE,1562134111,93,54.11,-9.15,51.01,3.36
524,Khash,0,IR,1562134112,12,28.22,61.21,88.04,1.61
525,Tautira,75,PF,1562133966,69,-17.73,-149.15,77.0,3.36
526,Flinders,75,AU,1562134114,67,-34.58,150.85,63.0,5.82
527,Debre Tabor,20,ET,1562134116,61,11.86,38.01,68.6,5.75
528,Ada,27,US,1562134066,78,34.77,-96.68,77.0,6.93
529,Kumasi,74,GH,1562134118,99,6.7,-1.62,71.3,1.66
530,Tsaratanana,0,MG,1562134119,66,-16.8,47.65,66.62,6.98
531,Cockburn Town,0,TC,1562133946,78,21.46,-71.14,81.38,12.08
532,Semme,97,FR,1562134122,77,46.2,1.5,64.0,9.17
533,Karratha,0,AU,1562134123,18,-20.74,116.85,83.54,17.45
534,Steinbach,40,CA,1562134124,67,49.53,-96.69,61.0,4.7
535,Salalah,75,OM,1562134122,89,17.01,54.1,84.2,9.17
536,Pauna,69,CO,1562134126,93,5.66,-73.98,54.92,5.19
537,Kattivakkam,40,IN,1562134127,41,13.22,80.32,96.8,14.99
538,Vestmanna,16,FO,1562134129,93,62.16,-7.17,46.4,5.82
539,Port-Gentil,75,GA,1562133893,88,-0.72,8.78,73.4,8.05
540,Diffa,38,NE,1562134113,46,13.32,12.61,86.6,11.7
541,Tukums,40,LV,1562134132,62,56.97,23.17,55.4,9.17
542,Belyy Yar,0,RU,1562134133,72,53.6,91.39,64.4,5.77
543,Melville,75,CA,1562134135,71,50.93,-102.81,57.2,10.29
544,Nucet,82,RO,1562134136,88,46.49,22.56,70.4,2.01
545,Changping,0,CN,1562134137,23,40.22,116.23,96.8,6.71
546,Kiruna,26,SE,1562134138,66,67.86,20.23,48.2,5.82
547,Muroto,75,JP,1562134139,94,33.37,134.14,73.4,4.7
548,Manga,0,PK,1562134141,42,31.31,74.05,98.6,5.82
549,Sid,0,YE,1562134142,55,15.7,43.66,83.18,5.35
550,Hwange,0,ZW,1562134143,44,-18.35,26.5,52.22,4.97
551,Redmond,90,US,1562134144,93,47.67,-122.12,59.0,5.82
552,Sterling,1,US,1562134145,100,39.0,-77.4,73.99,4.07
553,Nueva Loja,12,EC,1562134147,99,0.08,-76.88,67.52,2.04
554,Sao Miguel do Araguaia,0,BR,1562134024,62,-13.28,-50.16,63.38,2.3
555,Kailaras,97,IN,1562134149,36,26.3,77.62,97.58,6.53
556,Eisenach,0,DE,1562134150,76,50.98,10.32,60.01,6.93
557,Gushikawa,75,JP,1562134151,79,26.35,127.87,89.01,13.87
558,Havelock,75,US,1562134153,88,34.88,-76.9,82.99,9.17
559,Ixtapa,20,MX,1562134154,69,20.71,-105.21,82.4,1.72
560,Bolshaya Dzhalga,0,RU,1562134155,43,45.97,42.7,82.64,11.16
561,Aranda de Duero,7,ES,1562134156,75,41.67,-3.69,62.48,4.32
562,Shamgarh,63,IN,1562134086,46,24.18,75.63,95.06,14.2
563,Kaeo,54,NZ,1562134158,94,-35.1,173.78,62.01,5.01
564,Cairns,90,AU,1562133989,57,-16.92,145.77,75.99,14.99
565,Madimba,75,CM,1562134161,94,4.42,9.93,77.0,2.24
566,Rawson,49,AR,1562134162,78,-43.3,-65.11,34.22,14.34
567,Iralaya,39,HN,1562134163,89,15.0,-83.23,77.06,2.42
568,Toktogul,100,KG,1562134164,95,41.87,72.95,63.0,4.83
569,Ialibu,95,PG,1562134166,92,-6.28,143.99,68.96,2.95
570,Hopkinsville,1,US,1562134075,78,36.87,-87.49,78.8,3.36
